200.00	9.5000001465451E-7
200.50	9.5000001465451E-7
201.00	9.5000001465451E-7
201.50	9.5000001465451E-7
202.00	9.5000001465451E-7
202.50	9.5000001465451E-7
203.00	1.0898900200118E-6
203.50	9.5000001465451E-7
204.00	9.5000001465451E-7
204.50	9.5000001465451E-7
205.00	9.5000001465451E-7
205.50	9.5000001465451E-7
206.00	9.5000001465451E-7
206.50	9.5000001465451E-7
207.00	9.5000001465451E-7
207.50	9.5000001465451E-7
208.00	9.5000001465451E-7
208.50	9.5000001465451E-7
209.00	9.5000001465451E-7
209.50	9.5000001465451E-7
210.00	1.0937000070044E-6
210.50	9.5000001465451E-7
211.00	9.5000001465451E-7
211.50	9.5000001465451E-7
212.00	9.5000001465451E-7
212.50	9.5000001465451E-7
213.00	9.5000001465451E-7
213.50	9.5000001465451E-7
214.00	9.5000001465451E-7
214.50	9.5000001465451E-7
215.00	9.5000001465451E-7
215.50	9.5000001465451E-7
216.00	9.5000001465451E-7
216.50	9.5000001465451E-7
217.00	9.5000001465451E-7
217.50	9.5000001465451E-7
218.00	9.5000001465451E-7
218.50	9.5000001465451E-7
219.00	9.5000001465451E-7
219.50	9.5000001465451E-7
220.00	9.5000001465451E-7
220.50	9.5000001465451E-7
221.00	9.5000001465451E-7
221.50	9.5000001465451E-7
222.00	9.5000001465451E-7
222.50	9.5000001465451E-7
223.00	9.5000001465451E-7
223.50	9.5000001465451E-7
224.00	9.5000001465451E-7
224.50	9.5000001465451E-7
225.00	9.5000001465451E-7
225.50	9.5000001465451E-7
226.00	9.5000001465451E-7
226.50	9.5000001465451E-7
227.00	9.5000001465451E-7
227.50	9.5000001465451E-7
228.00	9.5000001465451E-7
228.50	9.5000001465451E-7
229.00	9.5000001465451E-7
229.50	9.5000001465451E-7
230.00	9.5000001465451E-7
230.50	9.5000001465451E-7
231.00	9.5000001465451E-7
231.50	9.5000001465451E-7
232.00	9.5000001465451E-7
232.50	9.5000001465451E-7
233.00	9.5000001465451E-7
233.50	9.5000001465451E-7
234.00	9.5000001465451E-7
234.50	9.5000001465451E-7
235.00	9.5000001465451E-7
235.50	9.5000001465451E-7
236.00	9.5000001465451E-7
236.50	9.5000001465451E-7
237.00	9.5000001465451E-7
237.50	9.5000001465451E-7
238.00	9.5000001465451E-7
238.50	9.5000001465451E-7
239.00	9.5000001465451E-7
239.50	9.5000001465451E-7
240.00	9.5000001465451E-7
240.50	9.5000001465451E-7
241.00	9.5000001465451E-7
241.50	9.5000001465451E-7
242.00	9.5000001465451E-7
242.50	9.5000001465451E-7
243.00	9.5000001465451E-7
243.50	9.5000001465451E-7
244.00	9.5000001465451E-7
244.50	9.5000001465451E-7
245.00	9.5000001465451E-7
245.50	9.5000001465451E-7
246.00	9.5000001465451E-7
246.50	9.5000001465451E-7
247.00	9.5000001465451E-7
247.50	9.5000001465451E-7
248.00	9.5000001465451E-7
248.50	9.5000001465451E-7
249.00	9.5000001465451E-7
249.50	9.5000001465451E-7
250.00	9.5000001465451E-7
250.50	9.5000001465451E-7
251.00	9.5000001465451E-7
251.50	9.5000001465451E-7
252.00	9.5000001465451E-7
252.50	9.5000001465451E-7
253.00	9.5000001465451E-7
253.50	9.5000001465451E-7
254.00	9.5000001465451E-7
254.50	9.5000001465451E-7
255.00	9.5000001465451E-7
255.50	9.5000001465451E-7
256.00	9.5000001465451E-7
256.50	9.5000001465451E-7
257.00	9.5000001465451E-7
257.50	9.5000001465451E-7
258.00	9.5000001465451E-7
258.50	9.5000001465451E-7
259.00	9.5000001465451E-7
259.50	9.5000001465451E-7
260.00	9.5000001465451E-7
260.50	9.5000001465451E-7
261.00	9.5000001465451E-7
261.50	9.5000001465451E-7
262.00	9.5000001465451E-7
262.50	9.5000001465451E-7
263.00	9.5000001465451E-7
263.50	9.5000001465451E-7
264.00	9.5000001465451E-7
264.50	9.5000001465451E-7
265.00	9.5000001465451E-7
265.50	9.5000001465451E-7
266.00	9.5000001465451E-7
266.50	9.5000001465451E-7
267.00	9.5000001465451E-7
267.50	9.5000001465451E-7
268.00	9.5000001465451E-7
268.50	9.5000001465451E-7
269.00	9.5000001465451E-7
269.50	9.5000001465451E-7
270.00	9.5000001465451E-7
270.50	9.5000001465451E-7
271.00	9.5000001465451E-7
271.50	9.5000001465451E-7
272.00	9.5000001465451E-7
272.50	9.5000001465451E-7
273.00	9.5000001465451E-7
273.50	9.5000001465451E-7
274.00	9.5000001465451E-7
274.50	9.5000001465451E-7
275.00	9.5000001465451E-7
275.50	9.5000001465451E-7
276.00	9.5000001465451E-7
276.50	9.5000001465451E-7
277.00	9.5000001465451E-7
277.50	9.5000001465451E-7
278.00	9.5000001465451E-7
278.50	9.5000001465451E-7
279.00	9.5000001465451E-7
279.50	9.5000001465451E-7
280.00	9.5000001465451E-7
280.50	9.5000001465451E-7
281.00	9.5000001465451E-7
281.50	9.5000001465451E-7
282.00	9.5000001465451E-7
282.50	9.5000001465451E-7
283.00	9.5000001465451E-7
283.50	9.5000001465451E-7
284.00	9.5000001465451E-7
284.50	9.5000001465451E-7
285.00	9.5000001465451E-7
285.50	9.5000001465451E-7
286.00	9.5000001465451E-7
286.50	9.5000001465451E-7
287.00	9.5000001465451E-7
287.50	9.5000001465451E-7
288.00	9.5000001465451E-7
288.50	9.5000001465451E-7
289.00	9.5000001465451E-7
289.50	9.5000001465451E-7
290.00	9.5000001465451E-7
290.50	9.5000001465451E-7
291.00	9.5000001465451E-7
291.50	9.5000001465451E-7
292.00	9.5000001465451E-7
292.50	9.5000001465451E-7
293.00	9.5000001465451E-7
293.50	9.5000001465451E-7
294.00	9.5000001465451E-7
294.50	9.5000001465451E-7
295.00	9.5000001465451E-7
295.50	9.5000001465451E-7
296.00	9.5000001465451E-7
296.50	9.5000001465451E-7
297.00	9.5000001465451E-7
297.50	9.5000001465451E-7
298.00	9.5000001465451E-7
298.50	9.5000001465451E-7
299.00	9.5000001465451E-7
299.50	9.5000001465451E-7
300.00	9.5000001465451E-7
300.50	9.5000001465451E-7
301.00	9.9450096513465E-7
301.50	9.5000001465451E-7
302.00	9.5000001465451E-7
302.50	9.5000001465451E-7
303.00	9.5000001465451E-7
303.50	9.5000001465451E-7
304.00	9.5000001465451E-7
304.50	9.5000001465451E-7
305.00	9.5000001465451E-7
305.50	9.5000001465451E-7
306.00	9.5000001465451E-7
306.50	9.5000001465451E-7
307.00	9.5000001465451E-7
307.50	9.5000001465451E-7
308.00	9.5000001465451E-7
308.50	9.5000001465451E-7
309.00	9.5000001465451E-7
309.50	1.0638899539117E-6
310.00	9.5000001465451E-7
310.50	9.5000001465451E-7
311.00	9.5000001465451E-7
311.50	9.5000001465451E-7
312.00	9.5000001465451E-7
312.50	9.5000001465451E-7
313.00	9.5000001465451E-7
313.50	9.5000001465451E-7
314.00	1.3481700307238E-6
314.50	9.5000001465451E-7
315.00	9.5000001465451E-7
315.50	9.5000001465451E-7
316.00	1.2591100357895E-6
316.50	9.5000001465451E-7
317.00	9.5000001465451E-7
317.50	9.5000001465451E-7
318.00	9.5000001465451E-7
318.50	9.5000001465451E-7
319.00	1.267810034733E-6
319.50	9.5000001465451E-7
320.00	9.5000001465451E-7
320.50	9.5000001465451E-7
321.00	1.3500200566341E-6
321.50	9.5000001465451E-7
322.00	9.5000001465451E-7
322.50	9.5000001465451E-7
323.00	9.5000001465451E-7
323.50	1.0165499588766E-6
324.00	9.5000001465451E-7
324.50	9.5000001465451E-7
325.00	9.5000001465451E-7
325.50	9.5000001465451E-7
326.00	9.5000001465451E-7
326.50	9.5000001465451E-7
327.00	9.5000001465451E-7
327.50	9.5000001465451E-7
328.00	9.5000001465451E-7
328.50	9.5000001465451E-7
329.00	9.5000001465451E-7
329.50	9.5000001465451E-7
330.00	9.5000001465451E-7
330.50	9.5000001465451E-7
331.00	9.5000001465451E-7
331.50	9.5000001465451E-7
332.00	9.5000001465451E-7
332.50	9.5000001465451E-7
333.00	9.5000001465451E-7
333.50	9.5000001465451E-7
334.00	9.5000001465451E-7
334.50	9.5000001465451E-7
335.00	1.0430700285724E-6
335.50	9.5000001465451E-7
336.00	9.5000001465451E-7
336.50	1.1447300494183E-6
337.00	9.5000001465451E-7
337.50	1.0141500297323E-6
338.00	9.5000001465451E-7
338.50	9.5000001465451E-7
339.00	9.5000001465451E-7
339.50	9.5000001465451E-7
340.00	1.1429899586801E-6
340.50	9.5000001465451E-7
341.00	1.1499299716888E-6
341.50	9.5016901013878E-7
342.00	9.5000001465451E-7
342.50	9.5000001465451E-7
343.00	9.5000001465451E-7
343.50	9.5000001465451E-7
344.00	9.5000001465451E-7
344.50	9.5000001465451E-7
345.00	9.5000001465451E-7
345.50	9.5000001465451E-7
346.00	9.5000001465451E-7
346.50	9.5000001465451E-7
347.00	9.5005401590242E-7
347.50	9.5000001465451E-7
348.00	1.6072000335043E-6
348.50	9.5000001465451E-7
349.00	1.0616599865898E-6
349.50	9.5000001465451E-7
350.00	9.5000001465451E-7
350.50	1.0034500519396E-6
351.00	9.5000001465451E-7
351.50	9.5000001465451E-7
352.00	9.5425002655247E-7
352.50	9.5000001465451E-7
353.00	1.1923599458896E-6
353.50	9.5000001465451E-7
354.00	9.5000001465451E-7
354.50	9.5000001465451E-7
355.00	9.5000001465451E-7
355.50	9.5000001465451E-7
356.00	9.5000001465451E-7
356.50	1.1005499800376E-6
357.00	1.2288400057514E-6
357.50	9.5000001465451E-7
358.00	9.5000001465451E-7
358.50	9.5000001465451E-7
359.00	1.0125099834113E-6
359.50	1.1953100056417E-6
360.00	9.5000001465451E-7
360.50	1.0668800314306E-6
361.00	9.5000001465451E-7
361.50	1.1545299685167E-6
362.00	1.9901799532818E-6
362.50	1.5582099877065E-6
363.00	1.7806399910114E-6
363.50	2.0574500467774E-6
364.00	2.3640900508326E-6
364.50	1.6569899798924E-6
365.00	1.6767600072853E-6
365.50	2.4443700112897E-6
366.00	3.2303601074091E-6
366.50	3.1984000088414E-6
367.00	2.5342199023726E-6
367.50	2.1834700874024E-6
368.00	1.9591500404204E-6
368.50	2.1954499516141E-6
369.00	2.5702699986141E-6
369.50	2.2828598957858E-6
370.00	2.5019899112522E-6
370.50	3.4580900774017E-6
371.00	3.7373899886006E-6
371.50	3.2569701033935E-6
372.00	2.1354298951337E-6
372.50	2.0119200598856E-6
373.00	1.421590013706E-6
373.50	9.5000001465451E-7
374.00	9.5000001465451E-7
374.50	9.5000001465451E-7
375.00	9.5000001465451E-7
375.50	9.5000001465451E-7
376.00	9.5000001465451E-7
376.50	9.5000001465451E-7
377.00	9.5000001465451E-7
377.50	9.5000001465451E-7
378.00	9.5000001465451E-7
378.50	9.5000001465451E-7
379.00	9.5000001465451E-7
379.50	9.5000001465451E-7
380.00	9.5000001465451E-7
380.50	9.5000001465451E-7
381.00	9.5000001465451E-7
381.50	9.5000001465451E-7
382.00	9.5000001465451E-7
382.50	9.5000001465451E-7
383.00	9.5000001465451E-7
383.50	9.5000001465451E-7
384.00	9.5000001465451E-7
384.50	9.5000001465451E-7
385.00	9.5000001465451E-7
385.50	9.5000001465451E-7
386.00	9.5000001465451E-7
386.50	9.5000001465451E-7
387.00	9.5000001465451E-7
387.50	9.5000001465451E-7
388.00	9.5000001465451E-7
388.50	9.5000001465451E-7
389.00	9.5000001465451E-7
389.50	9.5000001465451E-7
390.00	9.5000001465451E-7
390.50	9.5000001465451E-7
391.00	9.5000001465451E-7
391.50	9.5000001465451E-7
392.00	9.5000001465451E-7
392.50	9.5000001465451E-7
393.00	9.5000001465451E-7
393.50	9.5000001465451E-7
394.00	9.5000001465451E-7
394.50	9.5000001465451E-7
395.00	9.5000001465451E-7
395.50	9.5000001465451E-7
396.00	9.5000001465451E-7
396.50	9.5000001465451E-7
397.00	9.5000001465451E-7
397.50	9.5000001465451E-7
398.00	9.5000001465451E-7
398.50	9.5000001465451E-7
399.00	9.5000001465451E-7
399.50	9.5000001465451E-7
400.00	9.5000001465451E-7
400.50	9.5000001465451E-7
401.00	9.5000001465451E-7
401.50	9.5000001465451E-7
402.00	9.5000001465451E-7
402.50	9.5000001465451E-7
403.00	9.5000001465451E-7
403.50	9.5000001465451E-7
404.00	9.5000001465451E-7
404.50	9.5000001465451E-7
405.00	9.5000001465451E-7
405.50	9.5000001465451E-7
406.00	9.5000001465451E-7
406.50	9.5000001465451E-7
407.00	9.5000001465451E-7
407.50	9.5000001465451E-7
408.00	9.5000001465451E-7
408.50	9.5000001465451E-7
409.00	9.5000001465451E-7
409.50	9.5000001465451E-7
410.00	9.5000001465451E-7
410.50	9.5000001465451E-7
411.00	9.5000001465451E-7
411.50	9.5000001465451E-7
412.00	9.5000001465451E-7
412.50	9.5000001465451E-7
413.00	9.5000001465451E-7
413.50	9.5000001465451E-7
414.00	9.5000001465451E-7
414.50	9.5000001465451E-7
415.00	9.6763199053385E-7
415.50	2.1248199573165E-6
416.00	4.7366402213811E-6
416.50	1.2102400432923E-5
417.00	3.8243699236773E-5
417.50	0.00012386300659273
418.00	0.00044636899838224
418.50	0.0018666000105441
419.00	0.011679699644446
419.50	0.091263003647327
420.00	0.34750598669052
420.50	0.67996799945831
421.00	0.85511302947998
421.50	0.89774000644684
422.00	0.91524398326874
422.50	0.93841600418091
423.00	0.95163398981094
423.50	0.9589329957962
424.00	0.96247798204422
424.50	0.96341502666473
425.00	0.96252399682999
425.50	0.96227699518204
426.00	0.96931302547455
426.50	0.96726500988007
427.00	0.95418000221252
427.50	0.93955200910568
428.00	0.93838202953339
428.50	0.94786101579666
429.00	0.96790200471878
429.50	0.97436100244522
430.00	0.97514200210571
430.50	0.96933901309967
431.00	0.96625900268555
431.50	0.97340399026871
432.00	0.97874397039413
432.50	0.98202502727509
433.00	0.98123300075531
433.50	0.9791259765625
434.00	0.97832000255585
434.50	0.97107201814651
435.00	0.96951597929001
435.50	0.97007501125336
436.00	0.97788697481155
436.50	0.9811549782753
437.00	0.9825239777565
437.50	0.98001402616501
438.00	0.97573500871658
438.50	0.97153699398041
439.00	0.97164702415466
439.50	0.97049498558044
440.00	0.9742259979248
440.50	0.97850698232651
441.00	0.98399299383163
441.50	0.98364800214767
442.00	0.9840549826622
442.50	0.98118501901627
443.00	0.97817999124527
443.50	0.9746749997139
444.00	0.97602897882462
444.50	0.97957497835159
445.00	0.98311299085617
445.50	0.98256599903107
446.00	0.98109698295593
446.50	0.98011600971222
447.00	0.98000699281693
447.50	0.98117899894714
448.00	0.98053902387619
448.50	0.98225200176239
449.00	0.98179197311401
449.50	0.97833597660065
450.00	0.97846299409866
450.50	0.98222398757935
451.00	0.98610299825668
451.50	0.98508602380753
452.00	0.98293602466583
452.50	0.97313302755356
453.00	0.96161502599716
453.50	0.9449480175972
454.00	0.93383800983429
454.50	0.930311024189
455.00	0.94347202777863
455.50	0.95858198404312
456.00	0.96191698312759
456.50	0.95346200466156
457.00	0.94514399766922
457.50	0.95156997442245
458.00	0.96366602182388
458.50	0.93597400188446
459.00	0.79188400506973
459.50	0.42364400625229
460.00	0.21378900110722
460.50	0.036556798964739
461.00	0.016586199402809
461.50	0.0045413100160658
462.00	0.0013352100504562
462.50	0.00041921500815079
463.00	0.00014411499432754
463.50	5.3540701628663E-5
464.00	2.2896800146555E-5
464.50	1.0083300367114E-5
465.00	4.619279934559E-6
465.50	2.8511199161585E-6
466.00	1.6009900036806E-6
466.50	9.5000001465451E-7
467.00	9.5000001465451E-7
467.50	9.5000001465451E-7
468.00	9.5000001465451E-7
468.50	9.5000001465451E-7
469.00	9.5000001465451E-7
469.50	9.5000001465451E-7
470.00	9.5000001465451E-7
470.50	9.5000001465451E-7
471.00	9.5000001465451E-7
471.50	9.5000001465451E-7
472.00	9.5000001465451E-7
472.50	9.5000001465451E-7
473.00	9.5000001465451E-7
473.50	9.5000001465451E-7
474.00	9.5000001465451E-7
474.50	9.5000001465451E-7
475.00	9.5000001465451E-7
475.50	9.5000001465451E-7
476.00	9.5000001465451E-7
476.50	9.5000001465451E-7
477.00	9.5000001465451E-7
477.50	9.5000001465451E-7
478.00	9.5000001465451E-7
478.50	9.5000001465451E-7
479.00	9.5000001465451E-7
479.50	9.5000001465451E-7
480.00	9.5000001465451E-7
480.50	9.5000001465451E-7
481.00	9.5000001465451E-7
481.50	9.5000001465451E-7
482.00	9.5000001465451E-7
482.50	9.5000001465451E-7
483.00	9.5000001465451E-7
483.50	9.5000001465451E-7
484.00	9.5000001465451E-7
484.50	9.5000001465451E-7
485.00	9.5000001465451E-7
485.50	9.5000001465451E-7
486.00	9.5000001465451E-7
486.50	9.5000001465451E-7
487.00	9.5000001465451E-7
487.50	9.5000001465451E-7
488.00	9.5000001465451E-7
488.50	9.5000001465451E-7
489.00	9.5000001465451E-7
489.50	9.5000001465451E-7
490.00	9.5000001465451E-7
490.50	9.5000001465451E-7
491.00	9.5000001465451E-7
491.50	9.5000001465451E-7
492.00	9.5000001465451E-7
492.50	9.5000001465451E-7
493.00	9.5000001465451E-7
493.50	9.5000001465451E-7
494.00	9.5000001465451E-7
494.50	9.5000001465451E-7
495.00	9.5000001465451E-7
495.50	9.5000001465451E-7
496.00	9.5000001465451E-7
496.50	9.5000001465451E-7
497.00	9.5000001465451E-7
497.50	9.5000001465451E-7
498.00	9.5000001465451E-7
498.50	9.5000001465451E-7
499.00	9.5000001465451E-7
499.50	9.5000001465451E-7
500.00	9.5000001465451E-7
500.50	9.5000001465451E-7
501.00	9.5000001465451E-7
501.50	9.5000001465451E-7
502.00	9.5000001465451E-7
502.50	9.5000001465451E-7
503.00	9.5000001465451E-7
503.50	9.5000001465451E-7
504.00	9.5000001465451E-7
504.50	9.5000001465451E-7
505.00	9.5000001465451E-7
505.50	9.5000001465451E-7
506.00	9.5000001465451E-7
506.50	9.5000001465451E-7
507.00	9.5000001465451E-7
507.50	9.5000001465451E-7
508.00	9.5000001465451E-7
508.50	9.5000001465451E-7
509.00	9.5000001465451E-7
509.50	9.5000001465451E-7
510.00	9.5000001465451E-7
510.50	9.5000001465451E-7
511.00	9.5000001465451E-7
511.50	9.5000001465451E-7
512.00	9.5000001465451E-7
512.50	9.5000001465451E-7
513.00	9.5000001465451E-7
513.50	9.5000001465451E-7
514.00	9.5000001465451E-7
514.50	9.5000001465451E-7
515.00	9.5000001465451E-7
515.50	9.5000001465451E-7
516.00	9.5000001465451E-7
516.50	9.5000001465451E-7
517.00	9.5000001465451E-7
517.50	9.5000001465451E-7
518.00	9.5000001465451E-7
518.50	9.5000001465451E-7
519.00	9.5000001465451E-7
519.50	9.5000001465451E-7
520.00	9.5000001465451E-7
520.50	9.5000001465451E-7
521.00	9.5000001465451E-7
521.50	9.5000001465451E-7
522.00	9.5000001465451E-7
522.50	9.5000001465451E-7
523.00	9.5000001465451E-7
523.50	9.5000001465451E-7
524.00	9.5000001465451E-7
524.50	9.5000001465451E-7
525.00	9.5000001465451E-7
525.50	9.5000001465451E-7
526.00	9.5000001465451E-7
526.50	9.5000001465451E-7
527.00	9.5000001465451E-7
527.50	9.5000001465451E-7
528.00	9.5000001465451E-7
528.50	9.5000001465451E-7
529.00	9.5000001465451E-7
529.50	9.5000001465451E-7
530.00	9.5000001465451E-7
530.50	9.5000001465451E-7
531.00	9.5000001465451E-7
531.50	9.5000001465451E-7
532.00	9.5000001465451E-7
532.50	9.5000001465451E-7
533.00	9.5000001465451E-7
533.50	9.5000001465451E-7
534.00	9.5000001465451E-7
534.50	9.5000001465451E-7
535.00	4.2380597733427E-6
535.50	7.9558803918189E-6
536.00	5.8444197748031E-6
536.50	1.7892300547828E-6
537.00	9.5000001465451E-7
537.50	1.0449000455992E-6
538.00	1.0358600093241E-6
538.50	9.5000001465451E-7
539.00	9.5000001465451E-7
539.50	1.2942799685334E-6
540.00	1.6184400237762E-6
540.50	1.6965700524452E-6
541.00	1.1556400068002E-6
541.50	9.5000001465451E-7
542.00	9.5000001465451E-7
542.50	9.5000001465451E-7
543.00	9.5000001465451E-7
543.50	1.0479300271982E-6
544.00	9.70312953541E-7
544.50	9.5000001465451E-7
545.00	9.5000001465451E-7
545.50	9.5000001465451E-7
546.00	9.5000001465451E-7
546.50	9.5000001465451E-7
547.00	9.5000001465451E-7
547.50	9.5000001465451E-7
548.00	9.5000001465451E-7
548.50	1.3699600458494E-6
549.00	1.6357699905711E-6
549.50	1.1206200269953E-6
550.00	9.5000001465451E-7
550.50	9.5000001465451E-7
551.00	9.5000001465451E-7
551.50	9.5000001465451E-7
552.00	9.5000001465451E-7
552.50	1.0342899940952E-6
553.00	2.534239911256E-6
553.50	4.8346300900448E-6
554.00	5.5803097893659E-6
554.50	3.2164500680665E-6
555.00	1.1518700375746E-6
555.50	9.5000001465451E-7
556.00	9.5000001465451E-7
556.50	9.5000001465451E-7
557.00	9.5000001465451E-7
557.50	9.5000001465451E-7
558.00	1.1634499514912E-6
558.50	1.229989948115E-6
559.00	1.1183500419065E-6
559.50	9.5000001465451E-7
560.00	9.5000001465451E-7
560.50	9.5000001465451E-7
561.00	9.5000001465451E-7
561.50	9.5000001465451E-7
562.00	9.5000001465451E-7
562.50	9.5000001465451E-7
563.00	9.5000001465451E-7
563.50	9.5000001465451E-7
564.00	9.5000001465451E-7
564.50	9.5000001465451E-7
565.00	9.5000001465451E-7
565.50	9.5000001465451E-7
566.00	1.3251900554678E-6
566.50	1.1276699751761E-6
567.00	9.5000001465451E-7
567.50	9.5000001465451E-7
568.00	9.5000001465451E-7
568.50	9.5000001465451E-7
569.00	1.2331099696894E-6
569.50	2.7570699785429E-6
570.00	3.7709000935138E-6
570.50	2.7941000553255E-6
571.00	1.1805700523837E-6
571.50	9.5000001465451E-7
572.00	9.5000001465451E-7
572.50	9.5000001465451E-7
573.00	9.5000001465451E-7
573.50	9.5000001465451E-7
574.00	9.5000001465451E-7
574.50	9.5000001465451E-7
575.00	9.5000001465451E-7
575.50	9.5000001465451E-7
576.00	9.5000001465451E-7
576.50	9.5000001465451E-7
577.00	9.5000001465451E-7
577.50	9.5000001465451E-7
578.00	9.5000001465451E-7
578.50	9.5000001465451E-7
579.00	9.5000001465451E-7
579.50	9.5000001465451E-7
580.00	9.5000001465451E-7
580.50	9.5675204647705E-7
581.00	2.8754800496245E-6
581.50	3.616059984779E-6
582.00	2.5825199827523E-6
582.50	9.5000001465451E-7
583.00	9.5000001465451E-7
583.50	9.5000001465451E-7
584.00	9.5000001465451E-7
584.50	9.5000001465451E-7
585.00	9.5000001465451E-7
585.50	9.5000001465451E-7
586.00	9.5000001465451E-7
586.50	9.5000001465451E-7
587.00	9.5000001465451E-7
587.50	9.5000001465451E-7
588.00	9.5000001465451E-7
588.50	9.5000001465451E-7
589.00	9.5000001465451E-7
589.50	9.5000001465451E-7
590.00	9.5000001465451E-7
590.50	9.5000001465451E-7
591.00	9.5000001465451E-7
591.50	9.5000001465451E-7
592.00	9.5000001465451E-7
592.50	9.5000001465451E-7
593.00	9.5000001465451E-7
593.50	9.5000001465451E-7
594.00	9.5000001465451E-7
594.50	9.5000001465451E-7
595.00	9.5000001465451E-7
595.50	9.5000001465451E-7
596.00	9.5000001465451E-7
596.50	9.5000001465451E-7
597.00	9.5000001465451E-7
597.50	9.5000001465451E-7
598.00	9.5000001465451E-7
598.50	9.5000001465451E-7
599.00	9.5000001465451E-7
599.50	9.5000001465451E-7
600.00	9.5000001465451E-7
600.50	9.5000001465451E-7
601.00	9.5000001465451E-7
601.50	9.5000001465451E-7
602.00	9.5000001465451E-7
602.50	9.5000001465451E-7
603.00	9.5000001465451E-7
603.50	9.5000001465451E-7
604.00	9.5000001465451E-7
604.50	9.5000001465451E-7
605.00	9.5000001465451E-7
605.50	9.5000001465451E-7
606.00	9.5000001465451E-7
606.50	9.5000001465451E-7
607.00	9.5000001465451E-7
607.50	9.5000001465451E-7
608.00	9.5000001465451E-7
608.50	9.5000001465451E-7
609.00	9.5000001465451E-7
609.50	9.5000001465451E-7
610.00	9.5000001465451E-7
610.50	9.5000001465451E-7
611.00	9.5000001465451E-7
611.50	9.5000001465451E-7
612.00	9.5000001465451E-7
612.50	9.5000001465451E-7
613.00	9.5000001465451E-7
613.50	9.5000001465451E-7
614.00	9.5000001465451E-7
614.50	9.5000001465451E-7
615.00	9.5000001465451E-7
615.50	9.5000001465451E-7
616.00	9.5000001465451E-7
616.50	9.5000001465451E-7
617.00	9.5000001465451E-7
617.50	9.5000001465451E-7
618.00	9.5000001465451E-7
618.50	9.5000001465451E-7
619.00	9.5000001465451E-7
619.50	9.5000001465451E-7
620.00	9.5000001465451E-7
620.50	9.5000001465451E-7
621.00	9.5000001465451E-7
621.50	9.5000001465451E-7
622.00	9.5000001465451E-7
622.50	9.5000001465451E-7
623.00	9.5000001465451E-7
623.50	9.5000001465451E-7
624.00	9.5000001465451E-7
624.50	9.5000001465451E-7
625.00	9.5000001465451E-7
625.50	9.5000001465451E-7
626.00	9.5000001465451E-7
626.50	9.5000001465451E-7
627.00	9.5000001465451E-7
627.50	9.5000001465451E-7
628.00	9.5000001465451E-7
628.50	9.5000001465451E-7
629.00	9.5000001465451E-7
629.50	9.5000001465451E-7
630.00	9.5000001465451E-7
630.50	9.5000001465451E-7
631.00	9.5000001465451E-7
631.50	9.5000001465451E-7
632.00	1.4598699635826E-6
632.50	2.2956201064517E-6
633.00	2.2238600649871E-6
633.50	1.1769200227718E-6
634.00	9.5000001465451E-7
634.50	9.5000001465451E-7
635.00	9.5000001465451E-7
635.50	9.5000001465451E-7
636.00	9.5000001465451E-7
636.50	9.5000001465451E-7
637.00	9.5000001465451E-7
637.50	9.5000001465451E-7
638.00	9.5000001465451E-7
638.50	9.5000001465451E-7
639.00	9.5000001465451E-7
639.50	9.5000001465451E-7
640.00	9.5000001465451E-7
640.50	9.5000001465451E-7
641.00	9.5000001465451E-7
641.50	9.5000001465451E-7
642.00	9.5000001465451E-7
642.50	9.5000001465451E-7
643.00	9.5000001465451E-7
643.50	9.5000001465451E-7
644.00	9.5000001465451E-7
644.50	9.5000001465451E-7
645.00	9.5000001465451E-7
645.50	9.5000001465451E-7
646.00	9.5000001465451E-7
646.50	9.5000001465451E-7
647.00	9.5000001465451E-7
647.50	9.5000001465451E-7
648.00	9.5000001465451E-7
648.50	9.5000001465451E-7
649.00	9.5000001465451E-7
649.50	9.5000001465451E-7
650.00	9.5000001465451E-7
650.50	9.5000001465451E-7
651.00	9.5000001465451E-7
651.50	9.5000001465451E-7
652.00	9.5000001465451E-7
652.50	9.5000001465451E-7
653.00	9.5000001465451E-7
653.50	9.5000001465451E-7
654.00	9.5000001465451E-7
654.50	9.5000001465451E-7
655.00	9.5000001465451E-7
655.50	9.5000001465451E-7
656.00	9.5000001465451E-7
656.50	9.5000001465451E-7
657.00	9.5000001465451E-7
657.50	9.5000001465451E-7
658.00	9.5000001465451E-7
658.50	9.5000001465451E-7
659.00	9.5000001465451E-7
659.50	9.5000001465451E-7
660.00	9.5000001465451E-7
660.50	9.5000001465451E-7
661.00	9.5000001465451E-7
661.50	9.5000001465451E-7
662.00	9.5000001465451E-7
662.50	9.5000001465451E-7
663.00	2.9424099921016E-6
663.50	5.7251199905295E-6
664.00	6.1940800151206E-6
664.50	3.3818300835264E-6
665.00	1.2739500334646E-6
665.50	9.5000001465451E-7
666.00	9.5000001465451E-7
666.50	9.5000001465451E-7
667.00	9.5000001465451E-7
667.50	9.5000001465451E-7
668.00	9.5000001465451E-7
668.50	9.5000001465451E-7
669.00	9.5000001465451E-7
669.50	9.5000001465451E-7
670.00	9.5000001465451E-7
670.50	9.5000001465451E-7
671.00	9.5000001465451E-7
671.50	9.5000001465451E-7
672.00	9.5000001465451E-7
672.50	9.5000001465451E-7
673.00	9.5000001465451E-7
673.50	9.5000001465451E-7
674.00	9.5000001465451E-7
674.50	9.5000001465451E-7
675.00	9.5000001465451E-7
675.50	9.5000001465451E-7
676.00	9.5000001465451E-7
676.50	1.0224199513686E-6
677.00	1.2123399528718E-6
677.50	1.3736499795414E-6
678.00	1.6042099559854E-6
678.50	1.975289933398E-6
679.00	2.0403799680935E-6
679.50	1.860429961198E-6
680.00	1.7959999922823E-6
680.50	1.2768199439961E-6
681.00	9.5000001465451E-7
681.50	9.5000001465451E-7
682.00	9.5000001465451E-7
682.50	9.5000001465451E-7
683.00	9.5000001465451E-7
683.50	9.5000001465451E-7
684.00	9.5000001465451E-7
684.50	9.5000001465451E-7
685.00	9.5000001465451E-7
685.50	9.5000001465451E-7
686.00	9.5000001465451E-7
686.50	9.5000001465451E-7
687.00	9.5000001465451E-7
687.50	9.5000001465451E-7
688.00	9.5000001465451E-7
688.50	9.5000001465451E-7
689.00	9.5000001465451E-7
689.50	9.5000001465451E-7
690.00	9.5000001465451E-7
690.50	9.5000001465451E-7
691.00	9.5000001465451E-7
691.50	9.5000001465451E-7
692.00	9.5000001465451E-7
692.50	9.5000001465451E-7
693.00	9.5000001465451E-7
693.50	9.5000001465451E-7
694.00	9.5000001465451E-7
694.50	9.5000001465451E-7
695.00	9.5000001465451E-7
695.50	9.5000001465451E-7
696.00	9.5000001465451E-7
696.50	9.5000001465451E-7
697.00	9.5000001465451E-7
697.50	9.5000001465451E-7
698.00	9.5000001465451E-7
698.50	9.5000001465451E-7
699.00	9.5000001465451E-7
699.50	9.5000001465451E-7
700.00	9.5000001465451E-7
700.50	9.5000001465451E-7
701.00	9.5000001465451E-7
701.50	9.5000001465451E-7
702.00	9.5000001465451E-7
702.50	9.5000001465451E-7
703.00	9.5000001465451E-7
703.50	9.5000001465451E-7
704.00	9.5000001465451E-7
704.50	9.5000001465451E-7
705.00	9.5000001465451E-7
705.50	9.5000001465451E-7
706.00	9.5000001465451E-7
706.50	9.5000001465451E-7
707.00	9.5000001465451E-7
707.50	9.5000001465451E-7
708.00	9.5000001465451E-7
708.50	9.5000001465451E-7
709.00	9.5000001465451E-7
709.50	9.5000001465451E-7
710.00	9.5000001465451E-7
710.50	9.5000001465451E-7
711.00	9.5000001465451E-7
711.50	9.5000001465451E-7
712.00	9.5000001465451E-7
712.50	9.5000001465451E-7
713.00	9.5000001465451E-7
713.50	9.5000001465451E-7
714.00	9.5000001465451E-7
714.50	9.5000001465451E-7
715.00	9.5000001465451E-7
715.50	9.5000001465451E-7
716.00	9.5000001465451E-7
716.50	9.5000001465451E-7
717.00	9.5000001465451E-7
717.50	9.5000001465451E-7
718.00	9.5000001465451E-7
718.50	9.5000001465451E-7
719.00	9.5000001465451E-7
719.50	9.5000001465451E-7
720.00	9.5000001465451E-7
720.50	9.5000001465451E-7
721.00	9.5000001465451E-7
721.50	9.5000001465451E-7
722.00	9.5000001465451E-7
722.50	9.5000001465451E-7
723.00	9.5000001465451E-7
723.50	9.5000001465451E-7
724.00	9.5000001465451E-7
724.50	9.5000001465451E-7
725.00	9.5000001465451E-7
725.50	9.5000001465451E-7
726.00	9.5000001465451E-7
726.50	9.5000001465451E-7
727.00	9.5000001465451E-7
727.50	9.5000001465451E-7
728.00	9.5000001465451E-7
728.50	9.5000001465451E-7
729.00	9.5000001465451E-7
729.50	9.5000001465451E-7
730.00	9.5000001465451E-7
730.50	9.5000001465451E-7
731.00	9.5000001465451E-7
731.50	9.5000001465451E-7
732.00	9.5000001465451E-7
732.50	9.5000001465451E-7
733.00	9.5000001465451E-7
733.50	9.5000001465451E-7
734.00	9.5000001465451E-7
734.50	9.5000001465451E-7
735.00	9.5000001465451E-7
735.50	9.5000001465451E-7
736.00	9.5000001465451E-7
736.50	9.5000001465451E-7
737.00	9.5000001465451E-7
737.50	9.5000001465451E-7
738.00	9.5000001465451E-7
738.50	9.5000001465451E-7
739.00	9.5000001465451E-7
739.50	9.5000001465451E-7
740.00	9.5000001465451E-7
740.50	9.5000001465451E-7
741.00	9.5000001465451E-7
741.50	9.5000001465451E-7
742.00	9.5000001465451E-7
742.50	9.5000001465451E-7
743.00	9.5000001465451E-7
743.50	1.1655299658742E-6
744.00	9.5000001465451E-7
744.50	9.5000001465451E-7
745.00	9.5000001465451E-7
745.50	1.0163099659621E-6
746.00	9.5000001465451E-7
746.50	9.5000001465451E-7
747.00	9.5000001465451E-7
747.50	9.5000001465451E-7
748.00	9.5000001465451E-7
748.50	9.5000001465451E-7
749.00	9.5000001465451E-7
749.50	9.5000001465451E-7
750.00	9.5000001465451E-7
750.50	9.5000001465451E-7
751.00	9.5000001465451E-7
751.50	9.5000001465451E-7
752.00	9.5000001465451E-7
752.50	9.5000001465451E-7
753.00	9.5000001465451E-7
753.50	9.5000001465451E-7
754.00	9.5000001465451E-7
754.50	9.5000001465451E-7
755.00	9.5000001465451E-7
755.50	9.5000001465451E-7
756.00	9.5000001465451E-7
756.50	9.5000001465451E-7
757.00	9.5000001465451E-7
757.50	9.5000001465451E-7
758.00	9.5000001465451E-7
758.50	9.5000001465451E-7
759.00	9.5000001465451E-7
759.50	9.5000001465451E-7
760.00	9.5000001465451E-7
760.50	9.5000001465451E-7
761.00	9.5000001465451E-7
761.50	9.5000001465451E-7
762.00	9.5000001465451E-7
762.50	9.5000001465451E-7
763.00	9.5000001465451E-7
763.50	9.5000001465451E-7
764.00	9.5000001465451E-7
764.50	9.5000001465451E-7
765.00	9.5000001465451E-7
765.50	9.5000001465451E-7
766.00	9.5000001465451E-7
766.50	9.5000001465451E-7
767.00	9.5000001465451E-7
767.50	9.5000001465451E-7
768.00	9.5000001465451E-7
768.50	9.5000001465451E-7
769.00	9.5000001465451E-7
769.50	9.5000001465451E-7
770.00	9.5000001465451E-7
770.50	9.5000001465451E-7
771.00	9.5000001465451E-7
771.50	9.5000001465451E-7
772.00	9.5000001465451E-7
772.50	9.5000001465451E-7
773.00	9.5000001465451E-7
773.50	9.5000001465451E-7
774.00	9.5000001465451E-7
774.50	9.5000001465451E-7
775.00	9.5000001465451E-7
775.50	9.5000001465451E-7
776.00	9.5000001465451E-7
776.50	9.5000001465451E-7
777.00	9.5000001465451E-7
777.50	9.5000001465451E-7
778.00	9.5000001465451E-7
778.50	9.5000001465451E-7
779.00	9.5000001465451E-7
779.50	9.5000001465451E-7
780.00	9.5000001465451E-7
780.50	9.5000001465451E-7
781.00	9.5000001465451E-7
781.50	9.5000001465451E-7
782.00	9.5000001465451E-7
782.50	9.5000001465451E-7
783.00	9.5000001465451E-7
783.50	9.5000001465451E-7
784.00	9.5000001465451E-7
784.50	9.5000001465451E-7
785.00	9.5000001465451E-7
785.50	9.5000001465451E-7
786.00	1.0986600500473E-6
786.50	9.5000001465451E-7
787.00	9.5000001465451E-7
787.50	9.868019787973E-7
788.00	1.2748099607052E-6
788.50	9.5000001465451E-7
789.00	9.5000001465451E-7
789.50	9.5000001465451E-7
790.00	9.5000001465451E-7
790.50	9.5000001465451E-7
791.00	9.5000001465451E-7
791.50	9.5000001465451E-7
792.00	1.0522900311116E-6
792.50	9.5000001465451E-7
793.00	1.1014300298484E-6
793.50	9.5000001465451E-7
794.00	9.5000001465451E-7
794.50	9.5000001465451E-7
795.00	9.5000001465451E-7
795.50	9.5000001465451E-7
796.00	9.5000001465451E-7
796.50	9.5000001465451E-7
797.00	9.5000001465451E-7
797.50	9.5000001465451E-7
798.00	9.5000001465451E-7
798.50	9.5000001465451E-7
799.00	9.5000001465451E-7
799.50	9.5000001465451E-7
800.00	9.5000001465451E-7
800.50	9.5000001465451E-7
801.00	9.5000001465451E-7
801.50	1.0748700560725E-6
802.00	9.5000001465451E-7
802.50	9.5000001465451E-7
803.00	1.3540700365411E-6
803.50	1.6153800288521E-6
804.00	1.1838100135719E-6
804.50	1.7023700138452E-6
805.00	2.390740064584E-6
805.50	1.5149199725784E-6
806.00	1.7365399571645E-6
806.50	1.3295499456945E-6
807.00	2.1308098894224E-6
807.50	2.2552699192602E-6
808.00	2.1492498945008E-6
808.50	1.1430900030973E-6
809.00	1.1353899935784E-6
809.50	9.5000001465451E-7
810.00	1.4302499948826E-6
810.50	1.2443799732864E-6
811.00	1.044800001182E-6
811.50	1.0108800552189E-6
812.00	9.5000001465451E-7
812.50	1.284589984607E-6
813.00	9.5000001465451E-7
813.50	9.5000001465451E-7
814.00	9.5000001465451E-7
814.50	9.5000001465451E-7
815.00	9.5000001465451E-7
815.50	9.5000001465451E-7
816.00	1.3121300526109E-6
816.50	9.5000001465451E-7
817.00	9.5000001465451E-7
817.50	9.5000001465451E-7
818.00	9.5000001465451E-7
818.50	9.5000001465451E-7
819.00	9.5000001465451E-7
819.50	9.5000001465451E-7
820.00	9.5000001465451E-7
820.50	9.5000001465451E-7
821.00	1.3028900411882E-6
821.50	1.4625099993282E-6
822.00	1.9744500150409E-6
822.50	1.2201800245748E-6
823.00	1.4198000144461E-6
823.50	9.5000001465451E-7
824.00	1.1506399459904E-6
824.50	9.5000001465451E-7
825.00	9.5000001465451E-7
825.50	1.8311200165044E-6
826.00	9.5000001465451E-7
826.50	9.5000001465451E-7
827.00	1.5456699884453E-6
827.50	9.5000001465451E-7
828.00	1.5412499578815E-6
828.50	1.5043599432829E-6
829.00	9.5000001465451E-7
829.50	1.0600599580357E-6
830.00	9.5000001465451E-7
830.50	9.5000001465451E-7
831.00	9.5000001465451E-7
831.50	9.5000001465451E-7
832.00	1.3049899507678E-6
832.50	1.2146499557275E-6
833.00	1.1494099680931E-6
833.50	1.810599997043E-6
834.00	3.0462599625025E-6
834.50	3.4137399325118E-6
835.00	2.9191498924774E-6
835.50	3.3493599858048E-6
836.00	2.1625000954373E-6
836.50	1.4468599829343E-6
837.00	9.5000001465451E-7
837.50	1.0671100199033E-6
838.00	9.5000001465451E-7
838.50	9.5000001465451E-7
839.00	9.5000001465451E-7
839.50	9.5000001465451E-7
840.00	9.5000001465451E-7
840.50	1.4278499520515E-6
841.00	9.5000001465451E-7
841.50	9.5000001465451E-7
842.00	9.5000001465451E-7
842.50	9.5000001465451E-7
843.00	9.5000001465451E-7
843.50	9.5000001465451E-7
844.00	9.5000001465451E-7
844.50	1.2113599723307E-6
845.00	9.5000001465451E-7
845.50	1.7104199514506E-6
846.00	9.5000001465451E-7
846.50	9.5000001465451E-7
847.00	9.5000001465451E-7
847.50	9.5000001465451E-7
848.00	9.5000001465451E-7
848.50	9.5000001465451E-7
849.00	1.0981799505316E-6
849.50	1.753479978106E-6
850.00	9.5000001465451E-7
850.50	9.5000001465451E-7
851.00	9.5000001465451E-7
851.50	9.5000001465451E-7
852.00	1.5780500461915E-6
852.50	1.16823002827E-6
853.00	9.5000001465451E-7
853.50	9.5000001465451E-7
854.00	9.5000001465451E-7
854.50	9.5000001465451E-7
855.00	9.5000001465451E-7
855.50	9.5000001465451E-7
856.00	9.5000001465451E-7
856.50	9.5000001465451E-7
857.00	9.5000001465451E-7
857.50	9.5000001465451E-7
858.00	9.5000001465451E-7
858.50	9.5000001465451E-7
859.00	9.5000001465451E-7
859.50	9.5000001465451E-7
860.00	9.5000001465451E-7
860.50	9.5000001465451E-7
861.00	9.5000001465451E-7
861.50	9.5000001465451E-7
862.00	9.5000001465451E-7
862.50	9.5000001465451E-7
863.00	9.5000001465451E-7
863.50	9.5000001465451E-7
864.00	9.5000001465451E-7
864.50	9.5000001465451E-7
865.00	9.5000001465451E-7
865.50	1.2913200180265E-6
866.00	1.6856099591678E-6
866.50	1.1559500308067E-6
867.00	9.5000001465451E-7
867.50	9.5000001465451E-7
868.00	9.5000001465451E-7
868.50	9.5000001465451E-7
869.00	9.5000001465451E-7
869.50	9.5000001465451E-7
870.00	9.5000001465451E-7
870.50	9.5000001465451E-7
871.00	1.0398099448139E-6
871.50	9.5000001465451E-7
872.00	9.5000001465451E-7
872.50	9.5000001465451E-7
873.00	9.5000001465451E-7
873.50	9.5000001465451E-7
874.00	9.5000001465451E-7
874.50	9.5000001465451E-7
875.00	9.5000001465451E-7
875.50	9.5000001465451E-7
876.00	9.5000001465451E-7
876.50	9.5000001465451E-7
877.00	9.5000001465451E-7
877.50	9.5000001465451E-7
878.00	9.5000001465451E-7
878.50	9.5000001465451E-7
879.00	9.5000001465451E-7
879.50	9.5000001465451E-7
880.00	9.5000001465451E-7
880.50	9.5000001465451E-7
881.00	1.0843899644897E-6
881.50	9.5000001465451E-7
882.00	9.5000001465451E-7
882.50	9.5000001465451E-7
883.00	9.5000001465451E-7
883.50	9.5000001465451E-7
884.00	9.5000001465451E-7
884.50	9.5000001465451E-7
885.00	9.5000001465451E-7
885.50	9.5000001465451E-7
886.00	9.5000001465451E-7
886.50	9.5000001465451E-7
887.00	9.5000001465451E-7
887.50	9.5000001465451E-7
888.00	9.5000001465451E-7
888.50	9.5000001465451E-7
889.00	9.5000001465451E-7
889.50	9.5000001465451E-7
890.00	9.5000001465451E-7
890.50	9.5000001465451E-7
891.00	9.5000001465451E-7
891.50	9.5000001465451E-7
892.00	9.5000001465451E-7
892.50	9.5000001465451E-7
893.00	9.5000001465451E-7
893.50	9.5000001465451E-7
894.00	9.5000001465451E-7
894.50	9.5000001465451E-7
895.00	9.5000001465451E-7
895.50	9.5000001465451E-7
896.00	9.5000001465451E-7
896.50	9.5000001465451E-7
897.00	9.5000001465451E-7
897.50	9.5000001465451E-7
898.00	9.5000001465451E-7
898.50	9.5000001465451E-7
899.00	9.5000001465451E-7
899.50	9.5000001465451E-7
900.00	9.5000001465451E-7
900.50	9.5000001465451E-7
901.00	9.5000001465451E-7
901.50	9.5000001465451E-7
902.00	9.5000001465451E-7
902.50	9.5000001465451E-7
903.00	9.5000001465451E-7
903.50	9.5000001465451E-7
904.00	9.5000001465451E-7
904.50	9.5000001465451E-7
905.00	9.5000001465451E-7
905.50	9.5000001465451E-7
906.00	9.5000001465451E-7
906.50	9.5000001465451E-7
907.00	9.5000001465451E-7
907.50	9.5000001465451E-7
908.00	9.5000001465451E-7
908.50	9.5000001465451E-7
909.00	9.5000001465451E-7
909.50	9.5000001465451E-7
910.00	9.5000001465451E-7
910.50	9.5000001465451E-7
911.00	9.5000001465451E-7
911.50	9.5000001465451E-7
912.00	9.5000001465451E-7
912.50	9.5000001465451E-7
913.00	9.5000001465451E-7
913.50	9.5000001465451E-7
914.00	9.5000001465451E-7
914.50	9.5000001465451E-7
915.00	9.5000001465451E-7
915.50	9.5000001465451E-7
916.00	9.5000001465451E-7
916.50	9.5000001465451E-7
917.00	9.5000001465451E-7
917.50	9.5000001465451E-7
918.00	9.5000001465451E-7
918.50	9.5000001465451E-7
919.00	9.5000001465451E-7
919.50	9.5000001465451E-7
920.00	9.5000001465451E-7
920.50	9.5000001465451E-7
921.00	9.5000001465451E-7
921.50	9.5000001465451E-7
922.00	9.5000001465451E-7
922.50	9.5000001465451E-7
923.00	9.5000001465451E-7
923.50	9.5000001465451E-7
924.00	9.5000001465451E-7
924.50	9.5000001465451E-7
925.00	9.5000001465451E-7
925.50	9.5000001465451E-7
926.00	9.5000001465451E-7
926.50	9.5000001465451E-7
927.00	9.5000001465451E-7
927.50	9.5000001465451E-7
928.00	9.5000001465451E-7
928.50	9.5000001465451E-7
929.00	9.5000001465451E-7
929.50	9.5000001465451E-7
930.00	1.5211600157272E-6
930.50	1.1422599754951E-6
931.00	9.5000001465451E-7
931.50	9.5000001465451E-7
932.00	9.5000001465451E-7
932.50	9.5000001465451E-7
933.00	9.5000001465451E-7
933.50	9.5000001465451E-7
934.00	9.5000001465451E-7
934.50	9.5000001465451E-7
935.00	9.5000001465451E-7
935.50	9.5000001465451E-7
936.00	9.5000001465451E-7
936.50	9.5000001465451E-7
937.00	1.3403599723461E-6
937.50	9.5000001465451E-7
938.00	9.5000001465451E-7
938.50	9.5000001465451E-7
939.00	9.5000001465451E-7
939.50	9.5000001465451E-7
940.00	9.5000001465451E-7
940.50	9.5000001465451E-7
941.00	9.5000001465451E-7
941.50	9.5000001465451E-7
942.00	9.5000001465451E-7
942.50	9.5000001465451E-7
943.00	9.5000001465451E-7
943.50	9.5000001465451E-7
944.00	9.5000001465451E-7
944.50	9.5000001465451E-7
945.00	9.5000001465451E-7
945.50	9.5000001465451E-7
946.00	9.5000001465451E-7
946.50	9.5000001465451E-7
947.00	9.5000001465451E-7
947.50	9.5000001465451E-7
948.00	9.5000001465451E-7
948.50	9.5000001465451E-7
949.00	9.5000001465451E-7
949.50	9.5000001465451E-7
950.00	9.5000001465451E-7
950.50	9.5000001465451E-7
951.00	9.5000001465451E-7
951.50	9.5000001465451E-7
952.00	9.5000001465451E-7
952.50	9.5000001465451E-7
953.00	9.5000001465451E-7
953.50	9.5000001465451E-7
954.00	9.5000001465451E-7
954.50	9.5000001465451E-7
955.00	9.5000001465451E-7
955.50	9.5000001465451E-7
956.00	9.5000001465451E-7
956.50	9.5000001465451E-7
957.00	9.5000001465451E-7
957.50	9.5000001465451E-7
958.00	9.5000001465451E-7
958.50	9.5000001465451E-7
959.00	9.5000001465451E-7
959.50	9.5000001465451E-7
960.00	9.5000001465451E-7
960.50	9.5000001465451E-7
961.00	9.5000001465451E-7
961.50	9.5000001465451E-7
962.00	9.5000001465451E-7
962.50	9.5000001465451E-7
963.00	1.2004200016236E-6
963.50	9.5000001465451E-7
964.00	9.5000001465451E-7
964.50	9.5000001465451E-7
965.00	9.5000001465451E-7
965.50	9.5000001465451E-7
966.00	9.5000001465451E-7
966.50	9.5000001465451E-7
967.00	9.5000001465451E-7
967.50	9.5000001465451E-7
968.00	1.7150199482785E-6
968.50	9.5000001465451E-7
969.00	9.5000001465451E-7
969.50	9.5000001465451E-7
970.00	9.5000001465451E-7
970.50	9.5000001465451E-7
971.00	1.3543400427807E-6
971.50	9.5000001465451E-7
972.00	9.5000001465451E-7
972.50	9.5000001465451E-7
973.00	9.5000001465451E-7
973.50	9.5000001465451E-7
974.00	9.5000001465451E-7
974.50	9.5000001465451E-7
975.00	9.6149904038612E-7
975.50	1.1089699682998E-6
976.00	1.257489998352E-6
976.50	9.5000001465451E-7
977.00	9.5000001465451E-7
977.50	9.5000001465451E-7
978.00	9.5000001465451E-7
978.50	9.5000001465451E-7
979.00	9.5000001465451E-7
979.50	9.5000001465451E-7
980.00	9.5000001465451E-7
980.50	9.5000001465451E-7
981.00	1.0516999964238E-6
981.50	9.5000001465451E-7
982.00	9.5000001465451E-7
982.50	9.5000001465451E-7
983.00	9.5000001465451E-7
983.50	9.5000001465451E-7
984.00	9.5000001465451E-7
984.50	9.5000001465451E-7
985.00	9.5000001465451E-7
985.50	9.5000001465451E-7
986.00	9.5000001465451E-7
986.50	9.5000001465451E-7
987.00	9.5000001465451E-7
987.50	9.5000001465451E-7
988.00	9.5000001465451E-7
988.50	9.5000001465451E-7
989.00	9.5000001465451E-7
989.50	9.5000001465451E-7
990.00	9.5000001465451E-7
990.50	9.5000001465451E-7
991.00	9.5000001465451E-7
991.50	9.5000001465451E-7
992.00	9.5000001465451E-7
992.50	9.5000001465451E-7
993.00	9.5000001465451E-7
993.50	9.5000001465451E-7
994.00	9.5000001465451E-7
994.50	9.5000001465451E-7
995.00	9.5000001465451E-7
995.50	9.5000001465451E-7
996.00	9.5000001465451E-7
996.50	9.5000001465451E-7
997.00	9.5000001465451E-7
997.50	9.5000001465451E-7
998.00	9.5000001465451E-7
998.50	9.5000001465451E-7
999.00	2.1302400909917E-6
999.50	9.5000001465451E-7
1000.00	9.5000001465451E-7
1000.50	9.5000001465451E-7
1001.00	9.5000001465451E-7
1001.50	1.5334500176323E-6
1002.00	2.6843299565371E-6
1002.50	2.6111899842363E-6
1003.00	2.5385700155311E-6
1003.50	2.7266898996459E-6
1004.00	2.9193599857535E-6
1004.50	2.6259999685863E-6
1005.00	2.3365801098407E-6
1005.50	2.5759100026335E-6
1006.00	2.8149099762231E-6
1006.50	4.2807700992853E-6
1007.00	5.7478500821162E-6
1007.50	7.1783601924835E-6
1008.00	8.6104300862644E-6
1008.50	8.978669939097E-6
1009.00	9.3489097707788E-6
1009.50	9.6330295491498E-6
1010.00	9.9132903415011E-6
1010.50	9.1306401373004E-6
1011.00	8.3416598499753E-6
1011.50	8.8068200057023E-6
1012.00	9.2706095529138E-6
1012.50	8.9333498181077E-6
1013.00	8.5950796346879E-6
1013.50	8.2512497101561E-6
1014.00	7.9072697189986E-6
1014.50	7.8721695899731E-6
1015.00	7.837150405976E-6
1015.50	6.9084799179109E-6
1016.00	5.9822100411111E-6
1016.50	6.183850018715E-6
1017.00	6.386509994627E-6
1017.50	6.4121800278372E-6
1018.00	6.4374398789369E-6
1018.50	5.8301798162574E-6
1019.00	5.2210498324712E-6
1019.50	6.4199598455161E-6
1020.00	7.6307796916808E-6
1020.50	6.4534501689195E-6
1021.00	5.2705499911099E-6
1021.50	5.5298701227002E-6
1022.00	5.7854399528878E-6
1022.50	5.9489898376341E-6
1023.00	6.1148598433647E-6
1023.50	6.2390699895332E-6
1024.00	6.3615298131481E-6
1024.50	7.1044701144274E-6
1025.00	7.8527400546591E-6
1025.50	8.9224204202765E-6
1026.00	9.9831695479224E-6
1026.50	9.9690196293523E-6
1027.00	9.9548296930152E-6
1027.50	1.0603400369291E-5
1028.00	1.1257299775025E-5
1028.50	1.1489800272102E-5
1029.00	1.1719500434992E-5
1029.50	1.1782800356741E-5
1030.00	1.1847199857584E-5
1030.50	1.3787999705528E-5
1031.00	1.5701800293755E-5
1031.50	1.6613899788354E-5
1032.00	1.7528600437799E-5
1032.50	2.000349923037E-5
1033.00	2.2503400032292E-5
1033.50	2.4788500013528E-5
1034.00	2.7034899176215E-5
1034.50	3.0496999897878E-5
1035.00	3.3975800761255E-5
1035.50	3.771590127144E-5
1036.00	4.1465798858553E-5
1036.50	4.7609901230317E-5
1037.00	5.3735700930702E-5
1037.50	6.369200127665E-5
1038.00	7.3740098741837E-5
1038.50	8.5990097431932E-5
1039.00	9.807079914026E-5
1039.50	0.00011628199717961
1040.00	0.00013462199422065
1040.50	0.00016349500219803
1041.00	0.00019233000057284
1041.50	0.00023316900478676
1042.00	0.00027405499713495
1042.50	0.00033713100128807
1043.00	0.00040008701034822
1043.50	0.00049068301450461
1044.00	0.00058100098976865
1044.50	0.00071707501774654
1045.00	0.00085397099610418
1045.50	0.0010349299991503
1046.00	0.0012159700272605
1046.50	0.0014360699569806
1047.00	0.001656619948335
1047.50	0.0018983499612659
1048.00	0.0021403199061751
1048.50	0.0023411300498992
1049.00	0.0025398200377822
1049.50	0.0027129799127579
1050.00	0.0028859199956059
1050.50	0.0030437998939306
1051.00	0.003202100051567
1051.50	0.0033414699137211
1052.00	0.0034804199822247
1052.50	0.0036574900150299
1053.00	0.0038351700641215
1053.50	0.0040691401809454
1054.00	0.0043041398748755
1054.50	0.0045983199961483
1055.00	0.0048908498138189
1055.50	0.0053374599665403
1056.00	0.0057846601121128
1056.50	0.006395080126822
1057.00	0.0070016798563302
1057.50	0.0079947402700782
1058.00	0.0089930100366473
1058.50	0.010432500392199
1059.00	0.011877899989486
1059.50	0.014134299941361
1060.00	0.016372799873352
1060.50	0.020378699526191
1061.00	0.024386700242758
1061.50	0.031209100037813
1062.00	0.0380566008389
1062.50	0.050660200417042
1063.00	0.063215501606464
1063.50	0.094884902238846
1064.00	0.12641400098801
1064.50	0.19463600218296
1065.00	0.26319301128387
1065.50	0.37695199251175
1066.00	0.48992601037025
1066.50	0.56111401319504
1067.00	0.63276201486588
1067.50	0.54240500926971
1068.00	0.45139101147652
1068.50	0.37384301424026
1069.00	0.29616901278496
1069.50	0.24916799366474
1070.00	0.20321799814701
1070.50	0.17919099330902
1071.00	0.15480400621891
1071.50	0.14441600441933
1072.00	0.13404799997807
1072.50	0.12796700000763
1073.00	0.12186399847269
1073.50	0.11814700067043
1074.00	0.11443100124598
1074.50	0.11590299755335
1075.00	0.11736900359392
1075.50	0.11890199780464
1076.00	0.12043900042772
1076.50	0.12422700226307
1077.00	0.12803000211716
1077.50	0.13797900080681
1078.00	0.1479150056839
1078.50	0.1533890068531
1079.00	0.15886700153351
1079.50	0.17252700030804
1080.00	0.18613900244236
1080.50	0.20441399514675
1081.00	0.22262500226498
1081.50	0.23274500668049
1082.00	0.24292500317097
1082.50	0.27298000454903
1083.00	0.30268201231956
1083.50	0.32075798511505
1084.00	0.33889299631119
1084.50	0.36288401484489
1085.00	0.3870550096035
1085.50	0.41476801037788
1086.00	0.44229999184608
1086.50	0.45945000648499
1087.00	0.47659501433372
1087.50	0.50593501329422
1088.00	0.53563898801804
1088.50	0.54265999794006
1089.00	0.54963302612305
1089.50	0.58780401945114
1090.00	0.62592399120331
1090.50	0.62596499919891
1091.00	0.62600499391556
1091.50	0.66197901964188
1092.00	0.69826602935791
1092.50	0.71267002820969
1093.00	0.72698199748993
1093.50	0.74850702285767
1094.00	0.76987397670746
1094.50	0.79209399223328
1095.00	0.81455200910568
1095.50	0.83075600862503
1096.00	0.84688097238541
1096.50	0.8513720035553
1097.00	0.85589897632599
1097.50	0.84678798913956
1098.00	0.83778500556946
1098.50	0.81134402751923
1099.00	0.78491497039795
1099.50	0.76432597637177
1100.00	0.74352598190308
1100.50	0.70281302928925
1101.00	0.66245901584625
1101.50	0.63003599643707
1102.00	0.59739297628403
1102.50	0.56092798709869
1103.00	0.52433699369431
1103.50	0.49753299355507
1104.00	0.47075599431992
1104.50	0.44595500826836
1105.00	0.42129200696945
1105.50	0.4033910036087
1106.00	0.38551700115204
1106.50	0.36830401420593
1107.00	0.35104501247406
1107.50	0.34061199426651
1108.00	0.33013400435448
1108.50	0.32100701332092
1109.00	0.31198498606682
1109.50	0.30556398630142
1110.00	0.29910099506378
1110.50	0.29930698871613
1111.00	0.29951199889183
1111.50	0.29366299510002
1112.00	0.28775298595428
1112.50	0.29765298962593
1113.00	0.30758500099182
1113.50	0.29941099882126
1114.00	0.29131799936295
1114.50	0.30490300059319
1115.00	0.31844601035118
1115.50	0.31369099020958
1116.00	0.30889999866486
1116.50	0.32272499799728
1117.00	0.33661898970604
1117.50	0.33770701289177
1118.00	0.33878201246262
1118.50	0.34164199233055
1119.00	0.34450799226761
1119.50	0.35113400220871
1120.00	0.35773301124573
1120.50	0.34632700681686
1121.00	0.33488500118256
1121.50	0.3439219892025
1122.00	0.35296300053596
1122.50	0.33642199635506
1123.00	0.31979501247406
1123.50	0.32164099812508
1124.00	0.32349100708961
1124.50	0.30913600325584
1125.00	0.29490500688553
1125.50	0.29018300771713
1126.00	0.28545001149178
1126.50	0.27331599593163
1127.00	0.2611800134182
1127.50	0.26110199093819
1128.00	0.2610239982605
1128.50	0.2479699999094
1129.00	0.2349130064249
1129.50	0.23748600482941
1130.00	0.24007000029087
1130.50	0.23599700629711
1131.00	0.231968998909
1131.50	0.22556899487972
1132.00	0.21911199390888
1132.50	0.22935199737549
1133.00	0.23957200348377
1133.50	0.23276199400425
1134.00	0.22594299912453
1134.50	0.2326769977808
1135.00	0.23940800130367
1135.50	0.25403499603271
1136.00	0.26866000890732
1136.50	0.26357200741768
1137.00	0.2584910094738
1137.50	0.27902001142502
1138.00	0.29975399374962
1138.50	0.32396501302719
1139.00	0.34800899028778
1139.50	0.35116899013519
1140.00	0.35434898734093
1140.50	0.39104101061821
1141.00	0.42761600017548
1141.50	0.4690760076046
1142.00	0.51024901866913
1142.50	0.52963197231293
1143.00	0.54902398586273
1143.50	0.60668700933456
1144.00	0.66453498601913
1144.50	0.72213900089264
1145.00	0.77950501441956
1145.50	0.8155580163002
1146.00	0.85214799642563
1146.50	0.88437402248383
1147.00	0.91627097129822
1147.50	0.9361230134964
1148.00	0.95599001646042
1148.50	0.94850099086761
1149.00	0.94098997116089
1149.50	0.92112702131271
1150.00	0.90134799480438
1150.50	0.86440098285675
1151.00	0.82752197980881
1151.50	0.78716802597046
1152.00	0.74658799171448
1152.50	0.72550702095032
1153.00	0.7043399810791
1153.50	0.67498302459717
1154.00	0.64592397212982
1154.50	0.61019200086594
1155.00	0.57436901330948
1155.50	0.56592601537704
1156.00	0.55742597579956
1156.50	0.55609500408173
1157.00	0.55477297306061
1157.50	0.53637301921844
1158.00	0.51802098751068
1158.50	0.50944799184799
1159.00	0.50091397762299
1159.50	0.51385498046875
1160.00	0.52693897485733
1160.50	0.53598600625992
1161.00	0.54503297805786
1161.50	0.54737901687622
1162.00	0.54973900318146
1162.50	0.55412399768829
1163.00	0.55845999717712
1163.50	0.57336902618408
1164.00	0.58823198080063
1164.50	0.61162799596786
1165.00	0.63519197702408
1165.50	0.64135998487473
1166.00	0.64751201868057
1166.50	0.64483100175858
1167.00	0.64213401079178
1167.50	0.64222997426987
1168.00	0.6423259973526
1168.50	0.64817500114441
1169.00	0.65406501293182
1169.50	0.64300698041916
1170.00	0.63192397356033
1170.50	0.59951198101044
1171.00	0.56731998920441
1171.50	0.5483530163765
1172.00	0.52937597036362
1172.50	0.51218801736832
1173.00	0.49499300122261
1173.50	0.46818700432777
1174.00	0.441280990839
1174.50	0.41679498553276
1175.00	0.39234799146652
1175.50	0.37984800338745
1176.00	0.36745199561119
1176.50	0.35806199908257
1177.00	0.34857299923897
1177.50	0.32969999313354
1178.00	0.31082499027252
1178.50	0.291404992342
1179.00	0.27220100164413
1179.50	0.26820701360703
1180.00	0.26417899131775
1180.50	0.2671110033989
1181.00	0.27006301283836
1181.50	0.26833999156952
1182.00	0.2666209936142
1182.50	0.2589989900589
1183.00	0.25141900777817
1183.50	0.24132500588894
1184.00	0.23120799660683
1184.50	0.23035199940205
1185.00	0.22950200736523
1185.50	0.23545199632645
1186.00	0.24140700697899
1186.50	0.25341799855232
1187.00	0.26546999812126
1187.50	0.27224099636078
1188.00	0.27897399663925
1188.50	0.28279000520706
1189.00	0.28663501143456
1189.50	0.28550800681114
1190.00	0.28438898921013
1190.50	0.29007199406624
1191.00	0.29575601220131
1191.50	0.31213998794556
1192.00	0.32852900028229
1192.50	0.35029798746109
1193.00	0.37211000919342
1193.50	0.40250900387764
1194.00	0.43307000398636
1194.50	0.45625698566437
1195.00	0.47934800386429
1195.50	0.4988459944725
1196.00	0.51836401224136
1196.50	0.53699499368668
1197.00	0.55584698915482
1197.50	0.58449900150299
1198.00	0.61310398578644
1198.50	0.65189802646637
1199.00	0.69025802612305
1199.50	0.74144899845123
1200.00	0.79288601875305
