300.00	9.9999999392253E-9
301.00	9.9999999392253E-9
302.00	9.9999999392253E-9
303.00	4.196070051421E-7
304.00	3.4691601058512E-7
305.00	9.9999999392253E-9
306.00	9.9999999392253E-9
307.00	9.9999999392253E-9
308.00	9.9999999392253E-9
309.00	9.9999999392253E-9
310.00	9.9999999392253E-9
311.00	9.9999999392253E-9
312.00	9.9999999392253E-9
313.00	9.9999999392253E-9
314.00	9.9999999392253E-9
315.00	4.408410063661E-7
316.00	9.9999999392253E-9
317.00	9.9999999392253E-9
318.00	9.9999999392253E-9
319.00	9.9999999392253E-9
320.00	9.9999999392253E-9
321.00	9.9999999392253E-9
322.00	9.9999999392253E-9
323.00	9.9999999392253E-9
324.00	1.5544100051557E-7
325.00	9.9999999392253E-9
326.00	6.5193398768315E-7
327.00	8.9316802132089E-7
328.00	3.6774398637363E-8
329.00	9.9999999392253E-9
330.00	5.063449748377E-7
331.00	2.5055101104954E-7
332.00	8.5180801079332E-7
333.00	2.2055300519241E-7
334.00	2.3529700854397E-8
335.00	9.9999999392253E-9
336.00	5.7179801160601E-7
337.00	9.9999999392253E-9
338.00	9.9999999392253E-9
339.00	1.9170599330209E-7
340.00	3.0357898594957E-7
341.00	9.9999999392253E-9
342.00	5.6632099010301E-9
343.00	6.0644902077911E-7
344.00	9.9999999392253E-9
345.00	9.9999999392253E-9
346.00	9.9999999392253E-9
347.00	9.9999999392253E-9
348.00	6.5324400111422E-7
349.00	9.9999999392253E-9
350.00	9.9999999392253E-9
351.00	5.2585598098176E-9
352.00	9.9999999392253E-9
353.00	9.9999999392253E-9
354.00	9.9999999392253E-9
355.00	9.9999999392253E-9
356.00	9.9999999392253E-9
357.00	9.9999999392253E-9
358.00	9.1289400927508E-8
359.00	1.6693800120038E-8
360.00	9.9999999392253E-9
361.00	2.7005899028154E-7
362.00	3.3837099522316E-7
363.00	9.9999999392253E-9
364.00	9.9999999392253E-9
365.00	2.0813500611894E-7
366.00	8.7627903155862E-8
367.00	3.9957200215213E-7
368.00	9.9999999392253E-9
369.00	6.3201198940988E-8
370.00	9.9999999392253E-9
371.00	9.9999999392253E-9
372.00	9.9999999392253E-9
373.00	9.9999999392253E-9
374.00	2.2059199977775E-7
375.00	9.9999999392253E-9
376.00	2.6297300337319E-7
377.00	2.067850033427E-7
378.00	9.9999999392253E-9
379.00	1.6510099953848E-8
380.00	2.0812200318687E-7
381.00	9.9999999392253E-9
382.00	5.4825102324685E-7
383.00	3.0020100894035E-7
384.00	2.8997200729464E-7
385.00	2.2364700669186E-7
386.00	9.9999999392253E-9
387.00	6.9154296511442E-8
388.00	9.0378300399152E-8
389.00	9.9999999392253E-9
390.00	9.9999999392253E-9
391.00	9.9999999392253E-9
392.00	9.6650603609305E-7
393.00	9.8749194421544E-7
394.00	2.672780112789E-7
395.00	2.2621499340403E-7
396.00	9.9999999392253E-9
397.00	9.9999999392253E-9
398.00	9.9999999392253E-9
399.00	7.2971801046151E-8
400.00	9.9999999392253E-9
401.00	5.4111302461024E-7
402.00	2.0052400486748E-6
403.00	2.2735099491911E-7
404.00	5.1704798664787E-8
405.00	2.725250070057E-8
406.00	3.6405399583828E-8
407.00	3.1807001477091E-8
408.00	1.265169942144E-7
409.00	7.3173299597329E-7
410.00	4.6881700654922E-7
411.00	9.8521297786647E-8
412.00	1.7579499456133E-7
413.00	9.9999999392253E-9
414.00	9.9999999392253E-9
415.00	3.6639299594299E-8
416.00	9.8486502508877E-8
417.00	9.9999999392253E-9
418.00	3.2085800683035E-8
419.00	9.9999999392253E-9
420.00	9.9999999392253E-9
421.00	9.9999999392253E-9
422.00	9.9999999392253E-9
423.00	7.7362003025883E-8
424.00	9.9999999392253E-9
425.00	8.7144002236528E-8
426.00	9.9999999392253E-9
427.00	1.9608799561865E-7
428.00	9.9999999392253E-9
429.00	9.9999999392253E-9
430.00	9.9999999392253E-9
431.00	9.9999999392253E-9
432.00	9.9999999392253E-9
433.00	9.9999999392253E-9
434.00	2.7257399892733E-8
435.00	8.5011002681767E-8
436.00	9.9999999392253E-9
437.00	9.9999999392253E-9
438.00	9.9999999392253E-9
439.00	9.9999999392253E-9
440.00	3.7745998326955E-8
441.00	9.9999999392253E-9
442.00	9.9999999392253E-9
443.00	1.9467199763312E-7
444.00	1.4113299862117E-8
445.00	9.9999999392253E-9
446.00	7.9564301813662E-8
447.00	1.4365299705332E-7
448.00	1.4574699491732E-7
449.00	9.9999999392253E-9
450.00	9.9999999392253E-9
451.00	3.7489900961418E-8
452.00	9.9999999392253E-9
453.00	2.2485400208438E-8
454.00	9.9999999392253E-9
455.00	9.9999999392253E-9
456.00	8.9496502653219E-8
457.00	8.0740498731302E-8
458.00	9.9999999392253E-9
459.00	5.9160299770156E-8
460.00	5.7746099457745E-8
461.00	8.6939401455766E-8
462.00	2.5170299622346E-8
463.00	8.2566600667633E-8
464.00	1.7599199964025E-7
465.00	6.9488898191139E-8
466.00	1.1333000315972E-7
467.00	6.1888698610346E-8
468.00	9.9999999392253E-9
469.00	2.4299200873656E-8
470.00	5.8074100195427E-8
471.00	2.4992499447762E-7
472.00	9.9999999392253E-9
473.00	1.8315400041047E-7
474.00	9.9999999392253E-9
475.00	6.0283703362529E-8
476.00	1.0934400052065E-8
477.00	1.1605899885581E-7
478.00	1.6312199591084E-7
479.00	1.6479799569424E-7
480.00	1.6392000645737E-7
481.00	2.4325299818884E-7
482.00	1.5980799616955E-7
483.00	1.9010599316971E-7
484.00	8.8141803189501E-8
485.00	1.7786599926239E-7
486.00	1.378620027026E-7
487.00	2.3211700295178E-7
488.00	7.6578501762015E-8
489.00	9.9999999392253E-9
490.00	2.3150499828262E-7
491.00	1.5085400661974E-7
492.00	1.9048999888582E-7
493.00	9.8180798602243E-8
494.00	2.4799300035738E-7
495.00	2.51229010928E-7
496.00	2.221830044391E-7
497.00	4.1628700842011E-7
498.00	3.4156900596827E-7
499.00	3.3364500495736E-8
500.00	5.038339878638E-8
501.00	2.9172000370892E-9
502.00	9.9999999392253E-9
503.00	9.9999999392253E-9
504.00	9.9999999392253E-9
505.00	9.9999999392253E-9
506.00	9.9999999392253E-9
507.00	4.0147201119112E-9
508.00	1.1466499749702E-8
509.00	1.0971899655488E-7
510.00	9.5538297273379E-8
511.00	9.9999999392253E-9
512.00	4.4960099643276E-8
513.00	2.8774300275813E-8
514.00	9.423819946619E-9
515.00	3.901489975533E-8
516.00	9.9999999392253E-9
517.00	9.9999999392253E-9
518.00	2.8249200312302E-8
519.00	9.9999999392253E-9
520.00	9.9999999392253E-9
521.00	1.6328100116425E-7
522.00	1.1631699692316E-7
523.00	8.1899401038754E-8
524.00	1.1028799917767E-7
525.00	1.8778800381369E-7
526.00	5.3361701723986E-9
527.00	1.1741899896833E-7
528.00	2.3920600256133E-7
529.00	9.5801397037576E-8
530.00	1.1247399811509E-7
531.00	7.5466196847174E-8
532.00	9.9999999392253E-9
533.00	9.9999999392253E-9
534.00	2.2842399971523E-7
535.00	1.7551700182139E-7
536.00	2.0818599466566E-7
537.00	1.2462200515984E-7
538.00	7.095719922745E-8
539.00	1.7591699474906E-7
540.00	7.4860402321519E-8
541.00	1.708950065904E-7
542.00	3.3038400459873E-8
543.00	2.5312701268376E-7
544.00	5.7199400771424E-8
545.00	2.4972999312922E-7
546.00	7.8524799107527E-8
547.00	1.8096800147305E-7
548.00	1.1019100298881E-7
549.00	1.6487800280629E-7
550.00	1.7924000417224E-7
551.00	9.9999999392253E-9
552.00	1.2120399617288E-7
553.00	1.8480000107957E-7
554.00	1.9345500756884E-9
555.00	1.5776500106313E-8
556.00	2.353200017069E-7
557.00	1.0716900078478E-7
558.00	2.0847200232765E-7
559.00	3.7159099974815E-7
560.00	3.4676901350394E-7
561.00	3.9774801052772E-7
562.00	5.2232002190067E-7
563.00	5.5986299685173E-7
564.00	1.6652400063322E-6
565.00	5.8884397731163E-6
566.00	3.1081599445315E-5
567.00	0.00020671900711022
568.00	0.0020212200470269
569.00	0.031931899487972
570.00	0.35907098650932
571.00	0.890251994133
572.00	0.97909301519394
573.00	0.97602701187134
574.00	0.98258399963379
575.00	0.97973799705505
576.00	0.97623300552368
577.00	0.97614598274231
578.00	0.98075097799301
579.00	0.97868198156357
580.00	0.98149400949478
581.00	0.98335200548172
582.00	0.98444300889969
583.00	0.98361897468567
584.00	0.97706598043442
585.00	0.98101001977921
586.00	0.98141598701477
587.00	0.98398000001907
588.00	0.98177599906921
589.00	0.97788101434708
590.00	0.97545301914215
591.00	0.97686898708344
592.00	0.97926497459412
593.00	0.98197400569916
594.00	0.9808149933815
595.00	0.97972601652145
596.00	0.98050701618195
597.00	0.98085099458694
598.00	0.97911602258682
599.00	0.9797859787941
600.00	0.98119699954987
601.00	0.98360097408295
602.00	0.9837030172348
603.00	0.98089498281479
604.00	0.9751849770546
605.00	0.97500199079514
606.00	0.97504997253418
607.00	0.97904300689697
608.00	0.97639101743698
609.00	0.97321802377701
610.00	0.96665900945663
611.00	0.96564102172852
612.00	0.97105300426483
613.00	0.97744297981262
614.00	0.97080498933792
615.00	0.96578097343445
616.00	0.95977199077606
617.00	0.93896198272705
618.00	0.88019597530365
619.00	0.88459801673889
620.00	0.48469299077988
621.00	0.042756099253893
622.00	0.011545600369573
623.00	0.0014906199648976
624.00	0.00026695200358517
625.00	6.3923602283467E-5
626.00	1.9129100110149E-5
627.00	7.1239701355807E-6
628.00	3.5159400795237E-6
629.00	1.8984500229635E-6
630.00	1.2471999752961E-6
631.00	8.4026100921619E-7
632.00	4.6097500217002E-7
633.00	5.3680298606196E-7
634.00	2.3597300469191E-7
635.00	2.2431599688844E-7
636.00	1.417230066636E-7
637.00	1.0570000341659E-7
638.00	9.9999999392253E-9
639.00	7.17520975968E-8
640.00	1.14331001555E-7
641.00	5.1085500274439E-8
642.00	7.8934903058325E-8
643.00	5.6016201455122E-8
644.00	2.5357499211509E-8
645.00	1.3094299866623E-8
646.00	9.9999999392253E-9
647.00	9.9999999392253E-9
648.00	9.9999999392253E-9
649.00	6.5144698524477E-9
650.00	9.9999999392253E-9
651.00	9.9999999392253E-9
652.00	9.9999999392253E-9
653.00	9.9999999392253E-9
654.00	9.9999999392253E-9
655.00	9.9999999392253E-9
656.00	7.6352897337983E-9
657.00	7.2845196541493E-8
658.00	2.462199972797E-7
659.00	6.3035701103331E-9
660.00	8.0124301859996E-8
661.00	9.9999999392253E-9
662.00	4.7914898715362E-8
663.00	9.9999999392253E-9
664.00	1.2024500506413E-7
665.00	5.198999986078E-8
666.00	8.8278198973057E-8
667.00	9.9999999392253E-9
668.00	2.3983199071154E-7
669.00	2.3456600217742E-8
670.00	9.9999999392253E-9
671.00	9.9999999392253E-9
672.00	2.8942199037374E-7
673.00	1.0964799912472E-7
674.00	9.9999999392253E-9
675.00	9.9999999392253E-9
676.00	2.9119200917194E-7
677.00	9.9999999392253E-9
678.00	1.9407400131399E-8
679.00	9.9999999392253E-9
680.00	1.6221899556967E-7
681.00	9.9999999392253E-9
682.00	9.9999999392253E-9
683.00	1.5405599640417E-7
684.00	5.6079301202772E-8
685.00	9.9999999392253E-9
686.00	1.2845600139144E-9
687.00	3.6190999708197E-7
688.00	2.455290015746E-8
689.00	2.0520600330087E-8
690.00	9.9999999392253E-9
691.00	8.6509899688281E-8
692.00	9.9999999392253E-9
693.00	4.8339099834038E-8
694.00	3.9302298660004E-7
695.00	9.9999999392253E-9
696.00	9.9999999392253E-9
697.00	1.172440011743E-8
698.00	1.578600006269E-7
699.00	9.9999999392253E-9
700.00	9.9999999392253E-9
701.00	9.9999999392253E-9
702.00	2.12304996694E-7
703.00	7.9348602355367E-8
704.00	9.9999999392253E-9
705.00	9.5395996879688E-8
706.00	3.0074598811325E-8
707.00	3.2256000537245E-8
708.00	9.9999999392253E-9
709.00	1.0428699681597E-7
710.00	9.9999999392253E-9
711.00	2.9249400768094E-7
712.00	9.9999999392253E-9
713.00	9.9999999392253E-9
714.00	2.1562100016581E-7
715.00	1.7297000454164E-7
716.00	9.9999999392253E-9
717.00	9.9999999392253E-9
718.00	5.9384099415638E-8
719.00	9.8705896789397E-8
720.00	5.2171901643305E-7
721.00	9.9999999392253E-9
722.00	2.9066100637465E-8
723.00	9.9999999392253E-9
724.00	2.115880022302E-7
725.00	6.2781600718154E-7
726.00	1.7273700336773E-7
727.00	2.271510055607E-7
728.00	9.9999999392253E-9
729.00	9.9999999392253E-9
730.00	5.4840899110786E-7
731.00	9.9999999392253E-9
732.00	9.9999999392253E-9
733.00	9.9999999392253E-9
734.00	8.0793000734047E-7
735.00	4.8534798224864E-7
736.00	3.6126400004832E-7
737.00	5.288520128488E-7
738.00	5.1320598686289E-6
739.00	4.4529399019666E-5
740.00	7.8880599176046E-5
741.00	6.5204796555918E-5
742.00	6.8519897467922E-5
743.00	6.632420263486E-5
744.00	6.4234802266583E-5
745.00	5.1292998250574E-5
746.00	4.9228801799472E-5
747.00	4.8197100113612E-5
748.00	5.1599701691885E-5
749.00	4.972020178684E-5
750.00	4.5521101128543E-5
751.00	4.5327098632697E-5
752.00	4.045170135214E-5
753.00	3.7663601688109E-5
754.00	3.5017099435208E-5
755.00	3.6281900975155E-5
756.00	3.5976900107926E-5
757.00	3.9150399970822E-5
758.00	3.8852198485984E-5
759.00	3.7746900488855E-5
760.00	3.7146299291635E-5
761.00	3.8604001019849E-5
762.00	4.0198199712904E-5
763.00	3.6481600545812E-5
764.00	4.0058199374471E-5
765.00	3.9048998587532E-5
766.00	3.8865498936502E-5
767.00	3.9103200833779E-5
768.00	3.9684699004283E-5
769.00	4.056530087837E-5
770.00	4.0559800254414E-5
771.00	4.2919498810079E-5
772.00	4.5759599743178E-5
773.00	4.0564398659626E-5
774.00	3.8793601561338E-5
775.00	3.9324699173449E-5
776.00	3.9262500649784E-5
777.00	4.0887000068324E-5
778.00	3.315279900562E-5
779.00	3.9564700273331E-5
780.00	3.5240700526629E-5
781.00	3.6664798244601E-5
782.00	3.905730045517E-5
783.00	3.9731301512802E-5
784.00	3.9140501030488E-5
785.00	3.5391400160734E-5
786.00	4.2402800318087E-5
787.00	3.6524899769574E-5
788.00	3.2524301786907E-5
789.00	3.3227599487873E-5
790.00	3.4530399716459E-5
791.00	3.25252985931E-5
792.00	3.4957698517246E-5
793.00	3.7430301745189E-5
794.00	3.5305398341734E-5
795.00	3.7963098293403E-5
796.00	3.5379198379815E-5
797.00	3.6069399357075E-5
798.00	3.8209298509173E-5
799.00	4.1781200707192E-5
800.00	4.6279299567686E-5
801.00	4.8600599257043E-5
802.00	4.6696499339305E-5
803.00	5.0400598411215E-5
804.00	5.1960600103484E-5
805.00	5.224350024946E-5
806.00	5.3605799621437E-5
807.00	5.3860501793679E-5
808.00	5.5139298638096E-5
809.00	5.7132099755108E-5
810.00	5.651850005961E-5
811.00	5.7252898841398E-5
812.00	5.6778000725899E-5
813.00	5.7284800277557E-5
814.00	5.9381200117059E-5
815.00	6.2781698943581E-5
816.00	6.2599603552371E-5
817.00	6.183819641592E-5
818.00	6.3197701820172E-5
819.00	6.3719897298142E-5
820.00	6.4503903558943E-5
821.00	6.7917397245765E-5
822.00	7.06243008608E-5
823.00	7.0043097366579E-5
824.00	7.22011027392E-5
825.00	7.5378702604212E-5
826.00	7.7025200880598E-5
827.00	8.1804697401822E-5
828.00	8.5733896412421E-5
829.00	8.7564796558581E-5
830.00	9.3819500762038E-5
831.00	9.9576798675116E-5
832.00	0.00010349399963161
833.00	0.00010993199975928
834.00	0.00011741799971787
835.00	0.00012350300676189
836.00	0.00013362799654715
837.00	0.00014102000568528
838.00	0.00015437000547536
839.00	0.00016614999913145
840.00	0.00017633699462749
841.00	0.00019101200450677
842.00	0.00020503900304902
843.00	0.00022114599414635
844.00	0.00023804100055713
845.00	0.00025611100136302
846.00	0.0002756459871307
847.00	0.0002929090114776
848.00	0.00031410600058734
849.00	0.00033469201298431
850.00	0.0003555029979907
851.00	0.00037550998968072
852.00	0.00039707499672659
853.00	0.00042092800140381
854.00	0.00044051298755221
855.00	0.000462760013761
856.00	0.00048345301183872
857.00	0.00051090400665998
858.00	0.00053368002409115
859.00	0.00055992498528212
860.00	0.00058809097390622
861.00	0.00061486498452723
862.00	0.00064644799567759
863.00	0.00068468600511551
864.00	0.00071780598955229
865.00	0.00076558097498491
866.00	0.0008170580258593
867.00	0.0008690599934198
868.00	0.00093042099615559
869.00	0.0010047300020233
870.00	0.0010814899578691
871.00	0.0011731199920177
872.00	0.0012773299822584
873.00	0.0013874799478799
874.00	0.001532829948701
875.00	0.0016819899901748
876.00	0.001864799996838
877.00	0.0020889600273222
878.00	0.0023485899437219
879.00	0.0026570500340313
880.00	0.0030107300262898
881.00	0.0034609599970281
882.00	0.0039098598062992
883.00	0.0046163802035153
884.00	0.0052103199996054
885.00	0.0060696699656546
886.00	0.0071559599600732
887.00	0.0082500204443932
888.00	0.0095982002094388
889.00	0.01111469976604
890.00	0.012750400230289
891.00	0.014325199648738
892.00	0.016004899516702
893.00	0.017199400812387
894.00	0.018205700442195
895.00	0.01827060058713
896.00	0.018441200256348
897.00	0.018009500578046
898.00	0.017288399860263
899.00	0.016427800059319
900.00	0.015552899800241
901.00	0.014962100423872
902.00	0.014206799678504
903.00	0.013662200421095
904.00	0.013369699940085
905.00	0.013019899837673
906.00	0.012875399552286
907.00	0.012811600230634
908.00	0.013003800064325
909.00	0.013283000327647
910.00	0.013813399709761
911.00	0.014490200206637
912.00	0.015335500240326
913.00	0.016522500663996
914.00	0.017810700461268
915.00	0.019168499857187
916.00	0.021189099177718
917.00	0.023593200370669
918.00	0.026483900845051
919.00	0.03006980009377
920.00	0.034279499202967
921.00	0.03942060098052
922.00	0.044777799397707
923.00	0.051536001265049
924.00	0.059213098138571
925.00	0.065926499664783
926.00	0.074420802295208
927.00	0.08198069781065
928.00	0.088721498847008
929.00	0.094896398484707
930.00	0.099510796368122
931.00	0.10222800076008
932.00	0.10559000074863
933.00	0.10759200155735
934.00	0.10980500280857
935.00	0.11299800127745
936.00	0.11554100364447
937.00	0.11933799833059
938.00	0.121742002666
939.00	0.12663400173187
940.00	0.13417600095272
941.00	0.14182199537754
942.00	0.14970000088215
943.00	0.15824200212955
944.00	0.16997399926186
945.00	0.18035200238228
946.00	0.19273899495602
947.00	0.20765799283981
948.00	0.22360199689865
949.00	0.23853600025177
950.00	0.25547099113464
951.00	0.27367699146271
952.00	0.29011300206184
953.00	0.30678001046181
954.00	0.32933300733566
955.00	0.35292801260948
956.00	0.37758201360703
957.00	0.39593601226807
958.00	0.41938999295235
959.00	0.44662699103355
960.00	0.47187799215317
961.00	0.49976199865341
962.00	0.51620900630951
963.00	0.54444897174835
964.00	0.55276900529861
965.00	0.57565397024155
966.00	0.57928800582886
967.00	0.58545100688934
968.00	0.57713097333908
969.00	0.56815302371979
970.00	0.55794900655746
971.00	0.53412199020386
972.00	0.51590901613235
973.00	0.49451699852943
974.00	0.47593900561333
975.00	0.44982999563217
976.00	0.43451300263405
977.00	0.40652400255203
978.00	0.39377400279045
979.00	0.37514498829842
980.00	0.35815799236298
981.00	0.34281298518181
982.00	0.32531300187111
983.00	0.31581801176071
984.00	0.30319699645042
985.00	0.29232901334763
986.00	0.28282800316811
987.00	0.27468898892403
988.00	0.26484599709511
989.00	0.26109299063683
990.00	0.25484099984169
991.00	0.24809999763966
992.00	0.24718500673771
993.00	0.24236500263214
994.00	0.24199099838734
995.00	0.2417159974575
996.00	0.24210500717163
997.00	0.24524599313736
998.00	0.24713300168514
999.00	0.25105899572372
1000.00	0.25951200723648
1001.00	0.26731500029564
1002.00	0.2749519944191
1003.00	0.28546300530434
1004.00	0.29476600885391
1005.00	0.30588600039482
1006.00	0.31582000851631
1007.00	0.32929500937462
1008.00	0.34127900004387
1009.00	0.34979000687599
1010.00	0.35403001308441
1011.00	0.35877200961113
1012.00	0.37502899765968
1013.00	0.37395098805428
1014.00	0.37540298700333
1015.00	0.37197399139404
1016.00	0.37155601382256
1017.00	0.37747699022293
1018.00	0.38200500607491
1019.00	0.37979099154472
1020.00	0.37388500571251
1021.00	0.37347000837326
1022.00	0.37345799803734
1023.00	0.37758299708366
1024.00	0.38736099004745
1025.00	0.40256598591805
1026.00	0.41859498620033
1027.00	0.43977999687195
1028.00	0.45510700345039
1029.00	0.48052099347115
1030.00	0.49717399477959
1031.00	0.5198940038681
1032.00	0.54862898588181
1033.00	0.57387900352478
1034.00	0.61249500513077
1035.00	0.64900302886963
1036.00	0.67521297931671
1037.00	0.70774000883102
1038.00	0.73571801185608
1039.00	0.76207900047302
1040.00	0.78095299005508
1041.00	0.77574199438095
1042.00	0.7688159942627
1043.00	0.75292497873306
1044.00	0.73104697465897
1045.00	0.72027099132538
1046.00	0.69948601722717
1047.00	0.68106001615524
1048.00	0.66308701038361
1049.00	0.64504599571228
1050.00	0.6345379948616
1051.00	0.62855899333954
1052.00	0.62917298078537
1053.00	0.63382798433304
1054.00	0.61839598417282
1055.00	0.62463402748108
1056.00	0.62058901786804
1057.00	0.62600600719452
1058.00	0.6297379732132
1059.00	0.64502900838852
1060.00	0.64956599473953
1061.00	0.67579400539398
1062.00	0.68817901611328
1063.00	0.68033200502396
1064.00	0.66387897729874
1065.00	0.64839202165604
1066.00	0.6360570192337
1067.00	0.63463497161865
1068.00	0.61495500802994
1069.00	0.58385998010635
1070.00	0.56362098455429
1071.00	0.55189001560211
1072.00	0.53515100479126
1073.00	0.51602900028229
1074.00	0.47943300008774
1075.00	0.45791599154472
1076.00	0.4534470140934
1077.00	0.45850300788879
1078.00	0.44808700680733
1079.00	0.42305400967598
1080.00	0.40881100296974
1081.00	0.4290010035038
1082.00	0.43550699949265
1083.00	0.41845801472664
1084.00	0.40902200341225
1085.00	0.43711999058723
1086.00	0.4442450106144
1087.00	0.43246799707413
1088.00	0.4453389942646
1089.00	0.47290098667145
1090.00	0.47481098771095
1091.00	0.46457999944687
1092.00	0.49766701459885
1093.00	0.50343698263168
1094.00	0.48322400450706
1095.00	0.50492399930954
1096.00	0.50776201486588
1097.00	0.49114799499512
1098.00	0.49954101443291
1099.00	0.49401900172234
1100.00	0.46831101179123
1101.00	0.47125101089478
1102.00	0.46735799312592
1103.00	0.43218800425529
1104.00	0.43775999546051
1105.00	0.42589399218559
1106.00	0.40047401189804
1107.00	0.41788101196289
1108.00	0.39221099019051
1109.00	0.38737499713898
1110.00	0.40314400196075
1111.00	0.37202098965645
1112.00	0.39044600725174
1113.00	0.39283999800682
1114.00	0.37304800748825
1115.00	0.4111849963665
1116.00	0.38866901397705
1117.00	0.41825699806213
1118.00	0.42717799544334
1119.00	0.42456901073456
1120.00	0.47216099500656
1121.00	0.45737001299858
1122.00	0.50933402776718
1123.00	0.50483399629593
1124.00	0.55075299739838
1125.00	0.5550029873848
1126.00	0.59532302618027
1127.00	0.61662000417709
1128.00	0.63985502719879
1129.00	0.65920901298523
1130.00	0.67508798837662
1131.00	0.68419200181961
1132.00	0.69441097974777
1133.00	0.69927102327347
1134.00	0.69074898958206
1135.00	0.68430399894714
1136.00	0.66833597421646
1137.00	0.65557998418808
1138.00	0.63983100652695
1139.00	0.63229602575302
1140.00	0.61012101173401
1141.00	0.59623998403549
1142.00	0.57940900325775
1143.00	0.57717102766037
1144.00	0.56382697820663
1145.00	0.55626100301743
1146.00	0.55176401138306
1147.00	0.54833602905273
1148.00	0.55542600154877
1149.00	0.55677402019501
1150.00	0.56418597698212
1151.00	0.56774801015854
1152.00	0.5929200053215
1153.00	0.59135901927948
1154.00	0.62584400177002
1155.00	0.62436002492905
1156.00	0.66162800788879
1157.00	0.67387199401855
1158.00	0.69186198711395
1159.00	0.73483502864838
1160.00	0.713319003582
1161.00	0.76191002130508
1162.00	0.76026499271393
1163.00	0.77078402042389
1164.00	0.79135102033615
1165.00	0.7666779756546
1166.00	0.76109802722931
1167.00	0.76431000232697
1168.00	0.71803098917007
1169.00	0.7136390209198
1170.00	0.69739001989365
1171.00	0.64654797315598
1172.00	0.63779902458191
1173.00	0.61370098590851
1174.00	0.56399500370026
1175.00	0.56784397363663
1176.00	0.53643697500229
1177.00	0.49796399474144
1178.00	0.50565898418427
1179.00	0.48497399687767
1180.00	0.45135301351547
1181.00	0.46395900845528
1182.00	0.45646700263023
1183.00	0.42750099301338
1184.00	0.44702300429344
1185.00	0.4467040002346
1186.00	0.42392599582672
1187.00	0.43553501367569
1188.00	0.45995000004768
1189.00	0.43948599696159
1190.00	0.43976101279259
1191.00	0.47556000947952
1192.00	0.48560899496078
1193.00	0.45663800835609
1194.00	0.49118998646736
1195.00	0.5334529876709
1196.00	0.51112800836563
1197.00	0.50570100545883
1198.00	0.55434602499008
1199.00	0.57264798879623
1200.00	0.54098498821259
