x	 y	
300	NaN
301	NaN
302	NaN
303	NaN
304	NaN
305	NaN
306	NaN
307	NaN
308	NaN
309	NaN
310	NaN
311	NaN
312	NaN
313	NaN
314	NaN
315	NaN
316	NaN
317	NaN
318	NaN
319	NaN
320	NaN
321	NaN
322	NaN
323	NaN
324	NaN
325	NaN
326	NaN
327	NaN
328	NaN
329	NaN
330	NaN
331	NaN
332	NaN
333	NaN
334	NaN
335	NaN
336	NaN
337	NaN
338	NaN
339	NaN
340	NaN
341	NaN
342	NaN
343	NaN
344	NaN
345	NaN
346	NaN
347	NaN
348	NaN
349	NaN
350	NaN
351	NaN
352	NaN
353	NaN
354	NaN
355	NaN
356	NaN
357	NaN
358	NaN
359	NaN
360	NaN
361	NaN
362	NaN
363	NaN
364	NaN
365	NaN
366	NaN
367	NaN
368	NaN
369	NaN
370	NaN
371	NaN
372	NaN
373	NaN
374	NaN
375	NaN
376	NaN
377	NaN
378	NaN
379	NaN
380	NaN
381	0.0083533
382	0.010112
383	0.011922
384	0.014301
385	0.016327
386	0.018801
387	0.021275
388	0.024612
389	0.026974
390	0.029576
391	0.032974
392	0.03693
393	0.042206
394	0.04729
395	0.054257
396	0.060296
397	0.0699
398	0.079648
399	0.091411
400	0.10564
401	0.1204
402	0.13884
403	0.1572
404	0.17996
405	0.20184
406	0.22679
407	0.25255
408	0.27789
409	0.30719
410	0.33421
411	0.36384
412	0.39073
413	0.42039
414	0.44783
415	0.47468
416	0.50306
417	0.52841
418	0.55558
419	0.57912
420	0.60436
421	0.62663
422	0.64851
423	0.66995
424	0.68919
425	0.70931
426	0.72679
427	0.74538
428	0.76127
429	0.77836
430	0.79333
431	0.80763
432	0.82279
433	0.83631
434	0.85094
435	0.86303
436	0.87694
437	0.88854
438	0.90101
439	0.91185
440	0.92262
441	0.93328
442	0.94251
443	0.95295
444	0.9612
445	0.96966
446	0.97725
447	0.98353
448	0.9889
449	0.99285
450	0.99624
451	0.99844
452	0.99954
453	0.99941
454	0.9987
455	0.99622
456	0.99301
457	0.98894
458	0.984
459	0.97729
460	0.97058
461	0.963
462	0.95503
463	0.94695
464	0.9376
465	0.92886
466	0.91808
467	0.90819
468	0.89671
469	0.88488
470	0.8741
471	0.86164
472	0.85079
473	0.83826
474	0.8266
475	0.81231
476	0.79978
477	0.78636
478	0.77253
479	0.75905
480	0.74436
481	0.73095
482	0.71666
483	0.70237
484	0.6874
485	0.6729
486	0.65927
487	0.64382
488	0.63058
489	0.61513
490	0.60144
491	0.58627
492	0.57197
493	0.55846
494	0.54317
495	0.52998
496	0.51568
497	0.50227
498	0.48886
499	0.47692
500	0.46403
501	0.45205
502	0.44048
503	0.42788
504	0.41629
505	0.40376
506	0.39386
507	0.38191
508	0.37143
509	0.36146
510	0.35076
511	0.34086
512	0.33079
513	0.32195
514	0.3121
515	0.30364
516	0.29517
517	0.28671
518	0.27863
519	0.27066
520	0.26307
521	0.25509
522	0.2479
523	0.24062
524	0.23361
525	0.22694
526	0.22019
527	0.21436
528	0.20692
529	0.20183
530	0.19516
531	0.19093
532	0.18523
533	0.1794
534	0.17472
535	0.1695
536	0.16456
537	0.15873
538	0.15388
539	0.14916
540	0.14388
541	0.13981
542	0.13487
543	0.13003
544	0.12585
545	0.12244
546	0.11865
547	0.1153
548	0.11238
549	0.10947
550	0.10655
551	0.1032
552	0.10112
553	0.098253
554	0.095715
555	0.092766
556	0.089952
557	0.087478
558	0.084564
559	0.08209
560	0.079616
561	0.077582
562	0.075108
563	0.073074
564	0.070783
565	0.068565
566	0.066531
567	0.064189
568	0.062462
569	0.060428
570	0.058473
571	0.056715
572	0.055012
573	0.053169
574	0.051575
575	0.05012
576	0.048801
577	0.047482
578	0.046163
579	0.045284
580	0.043765
581	0.042646
582	0.041455
583	0.0403
584	0.039129
585	0.03781
586	0.036491
587	0.035612
588	0.034524
589	0.033413
590	0.032974
591	0.032094
592	0.030783
593	0.030336
594	0.029017
595	0.028137
596	0.027482
597	0.026379
598	0.025939
599	0.024456
600	0.023741
601	NaN
602	NaN
603	NaN
604	NaN
605	NaN
606	NaN
607	NaN
608	NaN
609	NaN
610	NaN
611	NaN
612	NaN
613	NaN
614	NaN
615	NaN
616	NaN
617	NaN
618	NaN
619	NaN
620	NaN
621	NaN
622	NaN
623	NaN
624	NaN
625	NaN
626	NaN
627	NaN
628	NaN
629	NaN
630	NaN
631	NaN
632	NaN
633	NaN
634	NaN
635	NaN
636	NaN
637	NaN
638	NaN
639	NaN
640	NaN
641	NaN
642	NaN
643	NaN
644	NaN
645	NaN
646	NaN
647	NaN
648	NaN
649	NaN
650	NaN
651	NaN
652	NaN
653	NaN
654	NaN
655	NaN
656	NaN
657	NaN
658	NaN
659	NaN
660	NaN
661	NaN
662	NaN
663	NaN
664	NaN
665	NaN
666	NaN
667	NaN
668	NaN
669	NaN
670	NaN
671	NaN
672	NaN
673	NaN
674	NaN
675	NaN
676	NaN
677	NaN
678	NaN
679	NaN
680	NaN
681	NaN
682	NaN
683	NaN
684	NaN
685	NaN
686	NaN
687	NaN
688	NaN
689	NaN
690	NaN
691	NaN
692	NaN
693	NaN
694	NaN
695	NaN
696	NaN
697	NaN
698	NaN
699	NaN
700	NaN
701	NaN
702	NaN
703	NaN
704	NaN
705	NaN
706	NaN
707	NaN
708	NaN
709	NaN
710	NaN
711	NaN
712	NaN
713	NaN
714	NaN
715	NaN
716	NaN
717	NaN
718	NaN
719	NaN
720	NaN
721	NaN
722	NaN
723	NaN
724	NaN
725	NaN
726	NaN
727	NaN
728	NaN
729	NaN
730	NaN
731	NaN
732	NaN
733	NaN
734	NaN
735	NaN
736	NaN
737	NaN
738	NaN
739	NaN
740	NaN
741	NaN
742	NaN
743	NaN
744	NaN
745	NaN
746	NaN
747	NaN
748	NaN
749	NaN
750	NaN
751	NaN
752	NaN
753	NaN
754	NaN
755	NaN
756	NaN
757	NaN
758	NaN
759	NaN
760	NaN
761	NaN
762	NaN
763	NaN
764	NaN
765	NaN
766	NaN
767	NaN
768	NaN
769	NaN
770	NaN
771	NaN
772	NaN
773	NaN
774	NaN
775	NaN
776	NaN
777	NaN
778	NaN
779	NaN
780	NaN
781	NaN
782	NaN
783	NaN
784	NaN
785	NaN
786	NaN
787	NaN
788	NaN
789	NaN
790	NaN
791	NaN
792	NaN
793	NaN
794	NaN
795	NaN
796	NaN
797	NaN
798	NaN
799	NaN
800	NaN
801	NaN
802	NaN
803	NaN
804	NaN
805	NaN
806	NaN
807	NaN
808	NaN
809	NaN
810	NaN
811	NaN
812	NaN
813	NaN
814	NaN
815	NaN
816	NaN
817	NaN
818	NaN
819	NaN
820	NaN
821	NaN
822	NaN
823	NaN
824	NaN
825	NaN
826	NaN
827	NaN
828	NaN
829	NaN
830	NaN
831	NaN
832	NaN
833	NaN
834	NaN
835	NaN
836	NaN
837	NaN
838	NaN
839	NaN
840	NaN
841	NaN
842	NaN
843	NaN
844	NaN
845	NaN
846	NaN
847	NaN
848	NaN
849	NaN
850	NaN
851	NaN
852	NaN
853	NaN
854	NaN
855	NaN
856	NaN
857	NaN
858	NaN
859	NaN
860	NaN
861	NaN
862	NaN
863	NaN
864	NaN
865	NaN
866	NaN
867	NaN
868	NaN
869	NaN
870	NaN
871	NaN
872	NaN
873	NaN
874	NaN
875	NaN
876	NaN
877	NaN
878	NaN
879	NaN
880	NaN
881	NaN
882	NaN
883	NaN
884	NaN
885	NaN
886	NaN
887	NaN
888	NaN
889	NaN
890	NaN
891	NaN
892	NaN
893	NaN
894	NaN
895	NaN
896	NaN
897	NaN
898	NaN
899	NaN
900	NaN
901	NaN
902	NaN
903	NaN
904	NaN
905	NaN
906	NaN
907	NaN
908	NaN
909	NaN
910	NaN
911	NaN
912	NaN
913	NaN
914	NaN
915	NaN
916	NaN
917	NaN
918	NaN
919	NaN
920	NaN
921	NaN
922	NaN
923	NaN
924	NaN
925	NaN
926	NaN
927	NaN
928	NaN
929	NaN
930	NaN
931	NaN
932	NaN
933	NaN
934	NaN
935	NaN
936	NaN
937	NaN
938	NaN
939	NaN
940	NaN
941	NaN
942	NaN
943	NaN
944	NaN
945	NaN
946	NaN
947	NaN
948	NaN
949	NaN
950	NaN
951	NaN
952	NaN
953	NaN
954	NaN
955	NaN
956	NaN
957	NaN
958	NaN
959	NaN
960	NaN
961	NaN
962	NaN
963	NaN
964	NaN
965	NaN
966	NaN
967	NaN
968	NaN
969	NaN
970	NaN
971	NaN
972	NaN
973	NaN
974	NaN
975	NaN
976	NaN
977	NaN
978	NaN
979	NaN
980	NaN
981	NaN
982	NaN
983	NaN
984	NaN
985	NaN
986	NaN
987	NaN
988	NaN
989	NaN
990	NaN
991	NaN
992	NaN
993	NaN
994	NaN
995	NaN
996	NaN
997	NaN
998	NaN
999	NaN
1000	NaN
1001	NaN
1002	NaN
1003	NaN
1004	NaN
1005	NaN
1006	NaN
1007	NaN
1008	NaN
1009	NaN
1010	NaN
1011	NaN
1012	NaN
1013	NaN
1014	NaN
1015	NaN
1016	NaN
1017	NaN
1018	NaN
1019	NaN
1020	NaN
1021	NaN
1022	NaN
1023	NaN
1024	NaN
1025	NaN
1026	NaN
1027	NaN
1028	NaN
1029	NaN
1030	NaN
1031	NaN
1032	NaN
1033	NaN
1034	NaN
1035	NaN
1036	NaN
1037	NaN
1038	NaN
1039	NaN
1040	NaN
1041	NaN
1042	NaN
1043	NaN
1044	NaN
1045	NaN
1046	NaN
1047	NaN
1048	NaN
1049	NaN
1050	NaN
1051	NaN
1052	NaN
1053	NaN
1054	NaN
1055	NaN
1056	NaN
1057	NaN
1058	NaN
1059	NaN
1060	NaN
1061	NaN
1062	NaN
1063	NaN
1064	NaN
1065	NaN
1066	NaN
1067	NaN
1068	NaN
1069	NaN
1070	NaN
1071	NaN
1072	NaN
1073	NaN
1074	NaN
1075	NaN
1076	NaN
1077	NaN
1078	NaN
1079	NaN
1080	NaN
1081	NaN
1082	NaN
1083	NaN
1084	NaN
1085	NaN
1086	NaN
1087	NaN
1088	NaN
1089	NaN
1090	NaN
1091	NaN
1092	NaN
1093	NaN
1094	NaN
1095	NaN
1096	NaN
1097	NaN
1098	NaN
1099	NaN
1100	NaN
