x	 y	
300	NaN
301	NaN
302	NaN
303	NaN
304	NaN
305	NaN
306	NaN
307	NaN
308	NaN
309	NaN
310	NaN
311	NaN
312	NaN
313	NaN
314	NaN
315	NaN
316	NaN
317	NaN
318	NaN
319	NaN
320	NaN
321	NaN
322	NaN
323	NaN
324	NaN
325	NaN
326	NaN
327	NaN
328	NaN
329	NaN
330	0.4241
331	0.42763
332	0.43128
333	0.43558
334	0.43885
335	0.44265
336	0.44664
337	0.45132
338	0.45544
339	0.4608
340	0.4667
341	0.47212
342	0.47843
343	0.48474
344	0.49104
345	0.49646
346	0.50319
347	0.50924
348	0.51657
349	0.52406
350	0.53171
351	0.54025
352	0.54862
353	0.55752
354	0.56754
355	0.57965
356	0.59263
357	0.60556
358	0.61955
359	0.63363
360	0.64842
361	0.66557
362	0.68183
363	0.6981
364	0.71348
365	0.72975
366	0.74602
367	0.76103
368	0.77457
369	0.78952
370	0.80446
371	0.82028
372	0.8354
373	0.8494
374	0.86295
375	0.8774
376	0.89234
377	0.90507
378	0.91806
379	0.93073
380	0.94353
381	0.9557
382	0.96566
383	0.97386
384	0.98117
385	0.9884
386	0.99444
387	0.9981
388	0.99972
389	1.0006
390	0.9988
391	0.99556
392	0.98925
393	0.98075
394	0.9699
395	0.95994
396	0.94738
397	0.93471
398	0.91754
399	0.89893
400	0.87907
401	0.85876
402	0.83814
403	0.81734
404	0.79697
405	0.77755
406	0.75901
407	0.74092
408	0.72283
409	0.70591
410	0.68965
411	0.67645
412	0.66241
413	0.64802
414	0.63446
415	0.62046
416	0.60602
417	0.5908
418	0.57542
419	0.55917
420	0.54288
421	0.52633
422	0.50882
423	0.48984
424	0.47163
425	0.45321
426	0.43423
427	0.41481
428	0.39584
429	0.37774
430	0.35744
431	0.33802
432	0.31823
433	0.29831
434	0.27839
435	0.25857
436	0.24004
437	0.22106
438	0.20325
439	0.1861
440	0.16939
441	0.15445
442	0.14004
443	0.12648
444	0.11381
445	0.10229
446	0.091449
447	0.082372
448	0.075061
449	0.067008
450	0.059819
451	0.053513
452	0.04809
453	0.043552
454	0.038129
455	0.033591
456	0.03004
457	0.027277
458	0.024124
459	0.021413
460	0.018701
461	0.016345
462	0.014163
463	0.011893
464	0.010066
465	0.0083936
466	0.0068523
467	0.005743
468	0.0045224
469	0.0035341
470	0.0017507
471	0.00088353
472	0.00044177
473	0
474	0
475	2.3242e-06
476	9.4674e-06
477	2.1189e-05
478	3.7243e-05
479	5.7357e-05
480	8.1269e-05
481	0.00010872
482	0.00013946
483	0.00017321
484	0.00020973
485	0.00024876
486	0.00029004
487	0.0003333
488	0.00037828
489	0.00042473
490	0.00047239
491	0.000521
492	0.0005703
493	0.00062002
494	0.00066992
495	0.00071973
496	0.00076919
497	0.00081804
498	0.00086602
499	0.00091288
500	0.00095835
501	0.0010022
502	0.0010441
503	0.0010838
504	0.0011212
505	0.0011558
506	0.0011875
507	0.001216
508	0.0012411
509	0.0012624
510	0.0012797
511	0.0012928
512	0.0013015
513	0.0013053
514	0.0013041
515	0.0012977
516	0.0012857
517	0.0012679
518	0.0012441
519	0.0012139
520	0.0011772
521	0.0011337
522	0.001083
523	0.001025
524	0.00095938
525	0.0008859
526	0.00080429
527	0.00071429
528	0.00061565
529	0.00050808
530	0.00039134
531	0.00026518
532	0.00012934
533	0
534	0.00044177
535	0.0022088
536	0.0040119
537	0.0060882
538	0.0069112
539	0.0068441
540	0.00751
541	0.0086292
542	0.0083936
543	0.0092771
544	0.0092771
545	0.0092771
546	0.0092771
547	0.0092771
548	0.0092771
549	0.0088353
550	0.0088353
551	NaN
552	NaN
553	NaN
554	NaN
555	NaN
556	NaN
557	NaN
558	NaN
559	NaN
560	NaN
561	NaN
562	NaN
563	NaN
564	NaN
565	NaN
566	NaN
567	NaN
568	NaN
569	NaN
570	NaN
571	NaN
572	NaN
573	NaN
574	NaN
575	NaN
576	NaN
577	NaN
578	NaN
579	NaN
580	NaN
581	NaN
582	NaN
583	NaN
584	NaN
585	NaN
586	NaN
587	NaN
588	NaN
589	NaN
590	NaN
591	NaN
592	NaN
593	NaN
594	NaN
595	NaN
596	NaN
597	NaN
598	NaN
599	NaN
600	NaN
601	NaN
602	NaN
603	NaN
604	NaN
605	NaN
606	NaN
607	NaN
608	NaN
609	NaN
610	NaN
611	NaN
612	NaN
613	NaN
614	NaN
615	NaN
616	NaN
617	NaN
618	NaN
619	NaN
620	NaN
621	NaN
622	NaN
623	NaN
624	NaN
625	NaN
626	NaN
627	NaN
628	NaN
629	NaN
630	NaN
631	NaN
632	NaN
633	NaN
634	NaN
635	NaN
636	NaN
637	NaN
638	NaN
639	NaN
640	NaN
641	NaN
642	NaN
643	NaN
644	NaN
645	NaN
646	NaN
647	NaN
648	NaN
649	NaN
650	NaN
651	NaN
652	NaN
653	NaN
654	NaN
655	NaN
656	NaN
657	NaN
658	NaN
659	NaN
660	NaN
661	NaN
662	NaN
663	NaN
664	NaN
665	NaN
666	NaN
667	NaN
668	NaN
669	NaN
670	NaN
671	NaN
672	NaN
673	NaN
674	NaN
675	NaN
676	NaN
677	NaN
678	NaN
679	NaN
680	NaN
681	NaN
682	NaN
683	NaN
684	NaN
685	NaN
686	NaN
687	NaN
688	NaN
689	NaN
690	NaN
691	NaN
692	NaN
693	NaN
694	NaN
695	NaN
696	NaN
697	NaN
698	NaN
699	NaN
700	NaN
701	NaN
702	NaN
703	NaN
704	NaN
705	NaN
706	NaN
707	NaN
708	NaN
709	NaN
710	NaN
711	NaN
712	NaN
713	NaN
714	NaN
715	NaN
716	NaN
717	NaN
718	NaN
719	NaN
720	NaN
721	NaN
722	NaN
723	NaN
724	NaN
725	NaN
726	NaN
727	NaN
728	NaN
729	NaN
730	NaN
731	NaN
732	NaN
733	NaN
734	NaN
735	NaN
736	NaN
737	NaN
738	NaN
739	NaN
740	NaN
741	NaN
742	NaN
743	NaN
744	NaN
745	NaN
746	NaN
747	NaN
748	NaN
749	NaN
750	NaN
751	NaN
752	NaN
753	NaN
754	NaN
755	NaN
756	NaN
757	NaN
758	NaN
759	NaN
760	NaN
761	NaN
762	NaN
763	NaN
764	NaN
765	NaN
766	NaN
767	NaN
768	NaN
769	NaN
770	NaN
771	NaN
772	NaN
773	NaN
774	NaN
775	NaN
776	NaN
777	NaN
778	NaN
779	NaN
780	NaN
781	NaN
782	NaN
783	NaN
784	NaN
785	NaN
786	NaN
787	NaN
788	NaN
789	NaN
790	NaN
791	NaN
792	NaN
793	NaN
794	NaN
795	NaN
796	NaN
797	NaN
798	NaN
799	NaN
800	NaN
801	NaN
802	NaN
803	NaN
804	NaN
805	NaN
806	NaN
807	NaN
808	NaN
809	NaN
810	NaN
811	NaN
812	NaN
813	NaN
814	NaN
815	NaN
816	NaN
817	NaN
818	NaN
819	NaN
820	NaN
821	NaN
822	NaN
823	NaN
824	NaN
825	NaN
826	NaN
827	NaN
828	NaN
829	NaN
830	NaN
831	NaN
832	NaN
833	NaN
834	NaN
835	NaN
836	NaN
837	NaN
838	NaN
839	NaN
840	NaN
841	NaN
842	NaN
843	NaN
844	NaN
845	NaN
846	NaN
847	NaN
848	NaN
849	NaN
850	NaN
851	NaN
852	NaN
853	NaN
854	NaN
855	NaN
856	NaN
857	NaN
858	NaN
859	NaN
860	NaN
861	NaN
862	NaN
863	NaN
864	NaN
865	NaN
866	NaN
867	NaN
868	NaN
869	NaN
870	NaN
871	NaN
872	NaN
873	NaN
874	NaN
875	NaN
876	NaN
877	NaN
878	NaN
879	NaN
880	NaN
881	NaN
882	NaN
883	NaN
884	NaN
885	NaN
886	NaN
887	NaN
888	NaN
889	NaN
890	NaN
891	NaN
892	NaN
893	NaN
894	NaN
895	NaN
896	NaN
897	NaN
898	NaN
899	NaN
900	NaN
901	NaN
902	NaN
903	NaN
904	NaN
905	NaN
906	NaN
907	NaN
908	NaN
909	NaN
910	NaN
911	NaN
912	NaN
913	NaN
914	NaN
915	NaN
916	NaN
917	NaN
918	NaN
919	NaN
920	NaN
921	NaN
922	NaN
923	NaN
924	NaN
925	NaN
926	NaN
927	NaN
928	NaN
929	NaN
930	NaN
931	NaN
932	NaN
933	NaN
934	NaN
935	NaN
936	NaN
937	NaN
938	NaN
939	NaN
940	NaN
941	NaN
942	NaN
943	NaN
944	NaN
945	NaN
946	NaN
947	NaN
948	NaN
949	NaN
950	NaN
951	NaN
952	NaN
953	NaN
954	NaN
955	NaN
956	NaN
957	NaN
958	NaN
959	NaN
960	NaN
961	NaN
962	NaN
963	NaN
964	NaN
965	NaN
966	NaN
967	NaN
968	NaN
969	NaN
970	NaN
971	NaN
972	NaN
973	NaN
974	NaN
975	NaN
976	NaN
977	NaN
978	NaN
979	NaN
980	NaN
981	NaN
982	NaN
983	NaN
984	NaN
985	NaN
986	NaN
987	NaN
988	NaN
989	NaN
990	NaN
991	NaN
992	NaN
993	NaN
994	NaN
995	NaN
996	NaN
997	NaN
998	NaN
999	NaN
1000	NaN
1001	NaN
1002	NaN
1003	NaN
1004	NaN
1005	NaN
1006	NaN
1007	NaN
1008	NaN
1009	NaN
1010	NaN
1011	NaN
1012	NaN
1013	NaN
1014	NaN
1015	NaN
1016	NaN
1017	NaN
1018	NaN
1019	NaN
1020	NaN
1021	NaN
1022	NaN
1023	NaN
1024	NaN
1025	NaN
1026	NaN
1027	NaN
1028	NaN
1029	NaN
1030	NaN
1031	NaN
1032	NaN
1033	NaN
1034	NaN
1035	NaN
1036	NaN
1037	NaN
1038	NaN
1039	NaN
1040	NaN
1041	NaN
1042	NaN
1043	NaN
1044	NaN
1045	NaN
1046	NaN
1047	NaN
1048	NaN
1049	NaN
1050	NaN
1051	NaN
1052	NaN
1053	NaN
1054	NaN
1055	NaN
1056	NaN
1057	NaN
1058	NaN
1059	NaN
1060	NaN
1061	NaN
1062	NaN
1063	NaN
1064	NaN
1065	NaN
1066	NaN
1067	NaN
1068	NaN
1069	NaN
1070	NaN
1071	NaN
1072	NaN
1073	NaN
1074	NaN
1075	NaN
1076	NaN
1077	NaN
1078	NaN
1079	NaN
1080	NaN
1081	NaN
1082	NaN
1083	NaN
1084	NaN
1085	NaN
1086	NaN
1087	NaN
1088	NaN
1089	NaN
1090	NaN
1091	NaN
1092	NaN
1093	NaN
1094	NaN
1095	NaN
1096	NaN
1097	NaN
1098	NaN
1099	NaN
1100	NaN
