wavelength, y (epsilon_max, kcps)
300,NaN
301,NaN
302,NaN
303,NaN
304,NaN
305,NaN
306,NaN
307,NaN
308,NaN
309,NaN
310,NaN
311,NaN
312,NaN
313,NaN
314,NaN
315,NaN
316,NaN
317,NaN
318,NaN
319,NaN
320,NaN
321,NaN
322,NaN
323,NaN
324,NaN
325,NaN
326,NaN
327,NaN
328,NaN
329,NaN
330,NaN
331,NaN
332,NaN
333,NaN
334,NaN
335,NaN
336,NaN
337,NaN
338,NaN
339,NaN
340,NaN
341,NaN
342,NaN
343,NaN
344,NaN
345,NaN
346,NaN
347,NaN
348,NaN
349,NaN
350,NaN
351,NaN
352,NaN
353,NaN
354,NaN
355,NaN
356,NaN
357,NaN
358,NaN
359,NaN
360,NaN
361,NaN
362,NaN
363,NaN
364,NaN
365,NaN
366,NaN
367,NaN
368,NaN
369,NaN
370,NaN
371,NaN
372,NaN
373,NaN
374,NaN
375,NaN
376,NaN
377,NaN
378,NaN
379,NaN
380,NaN
381,NaN
382,NaN
383,NaN
384,NaN
385,NaN
386,NaN
387,NaN
388,NaN
389,NaN
390,NaN
391,NaN
392,NaN
393,NaN
394,NaN
395,NaN
396,NaN
397,NaN
398,NaN
399,NaN
400,NaN
401,NaN
402,NaN
403,NaN
404,NaN
405,NaN
406,NaN
407,NaN
408,NaN
409,NaN
410,NaN
411,NaN
412,NaN
413,NaN
414,NaN
415,NaN
416,NaN
417,NaN
418,NaN
419,NaN
420,NaN
421,NaN
422,NaN
423,NaN
424,NaN
425,NaN
426,NaN
427,NaN
428,NaN
429,NaN
430,NaN
431,NaN
432,NaN
433,NaN
434,NaN
435,NaN
436,NaN
437,NaN
438,NaN
439,NaN
440,NaN
441,NaN
442,NaN
443,NaN
444,NaN
445,NaN
446,NaN
447,NaN
448,NaN
449,NaN
450,NaN
451,NaN
452,NaN
453,NaN
454,NaN
455,NaN
456,NaN
457,NaN
458,NaN
459,NaN
460,NaN
461,NaN
462,NaN
463,NaN
464,NaN
465,NaN
466,NaN
467,NaN
468,NaN
469,NaN
470,NaN
471,NaN
472,NaN
473,NaN
474,NaN
475,NaN
476,NaN
477,NaN
478,NaN
479,NaN
480,NaN
481,NaN
482,NaN
483,NaN
484,NaN
485,NaN
486,NaN
487,NaN
488,NaN
489,NaN
490,NaN
491,NaN
492,NaN
493,NaN
494,NaN
495,NaN
496,NaN
497,NaN
498,NaN
499,NaN
500,NaN
501,NaN
502,NaN
503,NaN
504,NaN
505,NaN
506,NaN
507,NaN
508,NaN
509,NaN
510,NaN
511,NaN
512,NaN
513,NaN
514,NaN
515,NaN
516,NaN
517,NaN
518,NaN
519,NaN
520,NaN
521,NaN
522,NaN
523,NaN
524,NaN
525,NaN
526,NaN
527,NaN
528,NaN
529,NaN
530,NaN
531,NaN
532,NaN
533,NaN
534,NaN
535,NaN
536,NaN
537,NaN
538,NaN
539,NaN
540,NaN
541,NaN
542,NaN
543,NaN
544,NaN
545,NaN
546,NaN
547,NaN
548,NaN
549,NaN
550,NaN
551,NaN
552,NaN
553,NaN
554,NaN
555,NaN
556,NaN
557,NaN
558,NaN
559,NaN
560,NaN
561,NaN
562,NaN
563,NaN
564,NaN
565,NaN
566,NaN
567,NaN
568,NaN
569,NaN
570,NaN
571,NaN
572,NaN
573,NaN
574,NaN
575,NaN
576,NaN
577,NaN
578,NaN
579,NaN
580,NaN
581,NaN
582,NaN
583,NaN
584,NaN
585,NaN
586,NaN
587,NaN
588,NaN
589,NaN
590,NaN
591,NaN
592,NaN
593,NaN
594,NaN
595,NaN
596,NaN
597,NaN
598,NaN
599,NaN
600,NaN
601,NaN
602,NaN
603,NaN
604,NaN
605,NaN
606,NaN
607,NaN
608,NaN
609,NaN
610,NaN
611,NaN
612,NaN
613,NaN
614,NaN
615,NaN
616,NaN
617,NaN
618,NaN
619,NaN
620,NaN
621,NaN
622,NaN
623,NaN
624,NaN
625,NaN
626,NaN
627,NaN
628,NaN
629,NaN
630,NaN
631,NaN
632,NaN
633,NaN
634,NaN
635,NaN
636,NaN
637,NaN
638,NaN
639,NaN
640,NaN
641,NaN
642,NaN
643,NaN
644,NaN
645,NaN
646,NaN
647,NaN
648,NaN
649,NaN
650,NaN
651,NaN
652,NaN
653,NaN
654,NaN
655,NaN
656,NaN
657,NaN
658,NaN
659,NaN
660,NaN
661,NaN
662,NaN
663,NaN
664,NaN
665,NaN
666,NaN
667,NaN
668,NaN
669,NaN
670,NaN
671,NaN
672,NaN
673,NaN
674,NaN
675,NaN
676,NaN
677,NaN
678,NaN
679,NaN
680,NaN
681,NaN
682,NaN
683,NaN
684,NaN
685,NaN
686,NaN
687,NaN
688,NaN
689,NaN
690,NaN
691,NaN
692,NaN
693,NaN
694,NaN
695,NaN
696,NaN
697,NaN
698,NaN
699,NaN
700,NaN
701,NaN
702,NaN
703,NaN
704,NaN
705,NaN
706,NaN
707,NaN
708,NaN
709,NaN
710,NaN
711,NaN
712,NaN
713,NaN
714,NaN
715,NaN
716,NaN
717,NaN
718,NaN
719,NaN
720,3.9846
721,4.1495
722,4.3144
723,4.4792
724,4.6441
725,4.809
726,4.9739
727,5.1388
728,5.3037
729,5.4686
730,5.6335
731,5.7984
732,5.9633
733,6.1282
734,6.2931
735,6.4581
736,6.623
737,6.7879
738,6.9528
739,7.1177
740,7.2827
741,7.4476
742,7.6125
743,7.7774
744,7.9421
745,8.1067
746,8.271
747,8.435
748,8.5986
749,8.7618
750,8.9244
751,9.0865
752,9.2481
753,9.4091
754,9.5695
755,9.7295
756,9.8889
757,10.048
758,10.207
759,10.365
760,10.524
761,10.682
762,10.84
763,10.998
764,11.155
765,11.313
766,11.47
767,11.628
768,11.786
769,11.945
770,12.105
771,12.266
772,12.429
773,12.593
774,12.76
775,12.929
776,13.102
777,13.278
778,13.459
779,13.644
780,13.835
781,14.031
782,14.233
783,14.441
784,14.655
785,14.876
786,15.104
787,15.338
788,15.578
789,15.825
790,16.079
791,16.338
792,16.603
793,16.872
794,17.145
795,17.421
796,17.699
797,17.979
798,18.259
799,18.539
800,18.818
801,19.095
802,19.368
803,19.637
804,19.901
805,20.158
806,20.408
807,20.651
808,20.884
809,21.108
810,21.322
811,21.524
812,21.715
813,21.893
814,22.058
815,22.21
816,22.348
817,22.471
818,22.58
819,22.675
820,22.755
821,22.821
822,22.872
823,22.908
824,22.93
825,22.939
826,22.933
827,22.914
828,22.881
829,22.835
830,22.776
831,22.704
832,22.619
833,22.521
834,22.412
835,22.29
836,22.157
837,22.013
838,21.858
839,21.693
840,21.519
841,21.335
842,21.144
843,20.946
844,20.742
845,20.532
846,20.318
847,20.101
848,19.881
849,19.659
850,19.436
851,19.212
852,18.988
853,18.765
854,18.543
855,18.322
856,18.104
857,17.887
858,17.673
859,17.46
860,17.251
861,17.044
862,16.839
863,16.638
864,16.439
865,16.243
866,16.05
867,15.86
868,15.672
869,15.486
870,15.303
871,15.121
872,14.942
873,14.764
874,14.588
875,14.414
876,14.241
877,14.069
878,13.899
879,13.73
880,13.563
881,13.396
882,13.231
883,13.066
884,12.903
885,12.74
886,12.579
887,12.418
888,12.258
889,12.1
890,11.942
891,11.785
892,11.629
893,11.475
894,11.321
895,11.169
896,11.018
897,10.868
898,10.72
899,10.573
900,10.428
901,10.285
902,10.143
903,10.005
904,9.8685
905,9.7354
906,9.6054
907,9.4787
908,9.3555
909,9.2359
910,9.1201
911,9.0082
912,8.9002
913,8.7961
914,8.6959
915,8.5994
916,8.5066
917,8.4173
918,8.331
919,8.2477
920,8.1669
921,8.0886
922,8.0123
923,7.9381
924,7.8657
925,7.795
926,7.7258
927,7.658
928,7.5914
929,7.5257
930,7.4609
931,7.3967
932,7.3331
933,7.2699
934,7.2073
935,7.1452
936,7.0836
937,7.0226
938,6.9621
939,6.9022
940,6.8427
941,6.7837
942,6.7252
943,6.6672
944,6.6099
945,6.5531
946,6.4971
947,6.4417
948,6.3869
949,6.3327
950,6.2792
951,6.2262
952,6.174
953,6.1227
954,6.0724
955,6.0232
956,5.9755
957,5.9292
958,5.8845
959,5.8415
960,5.8002
961,5.7606
962,5.7227
963,5.6866
964,5.6523
965,5.6199
966,5.5891
967,5.5601
968,5.5327
969,5.5068
970,5.4822
971,5.4591
972,5.4372
973,5.4167
974,5.3977
975,5.38
976,5.3637
977,5.3488
978,5.3353
979,5.3232
980,5.3123
981,5.3028
982,5.2945
983,5.2876
984,5.2822
985,5.2783
986,5.2759
987,5.2751
988,5.2758
989,5.278
990,5.2816
991,5.2866
992,5.2931
993,5.3011
994,5.3107
995,5.3218
996,5.3346
997,5.349
998,5.3649
999,5.3823
1000,5.401
1001,5.421
1002,5.4422
1003,5.4644
1004,5.4876
1005,5.5116
1006,5.5363
1007,5.5615
1008,5.5871
1009,5.6128
1010,5.6386
1011,NaN
1012,NaN
1013,NaN
1014,NaN
1015,NaN
1016,NaN
1017,NaN
1018,NaN
1019,NaN
1020,NaN
1021,NaN
1022,NaN
1023,NaN
1024,NaN
1025,NaN
1026,NaN
1027,NaN
1028,NaN
1029,NaN
1030,NaN
1031,NaN
1032,NaN
1033,NaN
1034,NaN
1035,NaN
1036,NaN
1037,NaN
1038,NaN
1039,NaN
1040,NaN
1041,NaN
1042,NaN
1043,NaN
1044,NaN
1045,NaN
1046,NaN
1047,NaN
1048,NaN
1049,NaN
1050,NaN
1051,NaN
1052,NaN
1053,NaN
1054,NaN
1055,NaN
1056,NaN
1057,NaN
1058,NaN
1059,NaN
1060,NaN
1061,NaN
1062,NaN
1063,NaN
1064,NaN
1065,NaN
1066,NaN
1067,NaN
1068,NaN
1069,NaN
1070,NaN
1071,NaN
1072,NaN
1073,NaN
1074,NaN
1075,NaN
1076,NaN
1077,NaN
1078,NaN
1079,NaN
1080,NaN
1081,NaN
1082,NaN
1083,NaN
1084,NaN
1085,NaN
1086,NaN
1087,NaN
1088,NaN
1089,NaN
1090,NaN
1091,NaN
1092,NaN
1093,NaN
1094,NaN
1095,NaN
1096,NaN
1097,NaN
1098,NaN
1099,NaN
1100,NaN
