x	 y	
300	0
301	0
302	0
303	0
304	0
305	0
306	0
307	0.00019284
308	0.0014
309	0.0028971
310	0.0021338
311	0.0028452
312	0.0033954
313	0.004039
314	0.0053618
315	0.0066847
316	0.0078052
317	0.0084546
318	0.0098218
319	0.012902
320	0.017468
321	0.02525
322	0.037499
323	0.048812
324	0.059107
325	0.076304
326	0.093722
327	0.11174
328	0.12963
329	0.1478
330	0.16892
331	0.19386
332	0.21925
333	0.24186
334	0.26068
335	0.28213
336	0.31259
337	0.33613
338	0.36049
339	0.38691
340	0.41108
341	0.43766
342	0.45779
343	0.47681
344	0.49835
345	0.52146
346	0.54217
347	0.56122
348	0.57974
349	0.59826
350	0.615
351	0.628
352	0.64351
353	0.6576
354	0.67129
355	0.68489
356	0.69394
357	0.70517
358	0.71357
359	0.72135
360	0.73031
361	0.73647
362	0.74496
363	0.75309
364	0.75973
365	0.76545
366	0.77177
367	0.77722
368	0.78251
369	0.78776
370	0.7926
371	0.79657
372	0.80054
373	0.80437
374	0.80767
375	0.8108
376	0.81445
377	0.8172
378	0.81985
379	0.8225
380	0.82514
381	0.82779
382	0.83019
383	0.83199
384	0.83401
385	0.83613
386	0.83745
387	0.83902
388	0.84137
389	0.84387
390	0.84539
391	0.84574
392	0.84729
393	0.8495
394	0.85124
395	0.85197
396	0.85233
397	0.85338
398	0.8538
399	0.85465
400	0.85596
401	0.85691
402	0.85719
403	0.85829
404	0.85951
405	0.8602
406	0.8602
407	0.86048
408	0.86142
409	0.86184
410	0.86184
411	0.86184
412	0.86214
413	0.86309
414	0.86349
415	0.86349
416	0.86349
417	0.86349
418	0.86371
419	0.86465
420	0.86593
421	0.86678
422	0.86678
423	0.86678
424	0.86678
425	0.86683
426	0.86734
427	0.86833
428	0.86842
429	0.86842
430	0.86842
431	0.86842
432	0.86842
433	0.86842
434	0.86842
435	0.86842
436	0.86842
437	0.86842
438	0.86842
439	0.86842
440	0.8685
441	0.86909
442	0.87006
443	0.87007
444	0.87007
445	0.87016
446	0.87076
447	0.87171
448	0.87199
449	0.87328
450	0.87527
451	0.87664
452	0.87664
453	0.87664
454	0.87664
455	0.87676
456	0.87742
457	0.87874
458	0.87977
459	0.88035
460	0.88195
461	0.88322
462	0.88322
463	0.88322
464	0.88322
465	0.88335
466	0.88402
467	0.88487
468	0.88487
469	0.8851
470	0.88593
471	0.88651
472	0.88651
473	0.88684
474	0.88783
475	0.88831
476	0.88901
477	0.8898
478	0.89014
479	0.89115
480	0.89161
481	0.89232
482	0.89309
483	0.89309
484	0.89309
485	0.89309
486	0.89317
487	0.89375
488	0.89472
489	0.895
490	0.89608
491	0.89731
492	0.89803
493	0.8984
494	0.89945
495	0.89967
496	0.89967
497	0.89967
498	0.89967
499	0.89967
500	0.89967
501	0.89978
502	0.90041
503	0.90132
504	0.90132
505	0.90173
506	0.90332
507	0.90461
508	0.90461
509	0.90491
510	0.90587
511	0.90625
512	0.90625
513	0.90625
514	0.90625
515	0.90625
516	0.90625
517	0.9063
518	0.9068
519	0.9078
520	0.90789
521	0.90789
522	0.90789
523	0.90789
524	0.90789
525	0.90789
526	0.90789
527	0.90789
528	0.90789
529	0.90824
530	0.90926
531	0.90954
532	0.90954
533	0.90954
534	0.90954
535	0.90954
536	0.90954
537	0.90954
538	0.90954
539	0.90954
540	0.90954
541	0.90954
542	0.90964
543	0.91024
544	0.91078
545	0.91002
546	0.91055
547	0.91032
548	0.91026
549	0.91074
550	0.91001
551	0.91057
552	0.91018
553	0.90954
554	0.90954
555	0.90954
556	0.90954
557	0.90954
558	0.90954
559	0.90954
560	0.90954
561	0.90954
562	0.90954
563	0.90954
564	0.90954
565	0.90954
566	0.90954
567	0.90954
568	0.90954
569	0.90954
570	0.90954
571	0.90954
572	0.90954
573	0.90954
574	0.90954
575	0.90954
576	0.90954
577	0.90954
578	0.90946
579	0.90889
580	0.90792
581	0.90789
582	0.90789
583	0.90789
584	0.90789
585	0.90789
586	0.90789
587	0.90789
588	0.90789
589	0.90789
590	0.90789
591	0.90789
592	0.90789
593	0.90789
594	0.90789
595	0.90789
596	0.90789
597	0.90769
598	0.9069
599	0.90625
600	0.90625
601	0.90625
602	0.90625
603	0.90625
604	0.90625
605	0.90625
606	0.90625
607	0.90625
608	0.90625
609	0.90625
610	0.90625
611	0.90625
612	0.90625
613	0.90625
614	0.90625
615	0.90625
616	0.90592
617	0.90492
618	0.90461
619	0.90461
620	0.90461
621	0.90461
622	0.90461
623	0.90461
624	0.90461
625	0.90461
626	0.90461
627	0.90461
628	0.90461
629	0.90443
630	0.90324
631	0.90132
632	0.90132
633	0.90132
634	0.90132
635	0.90131
636	0.90092
637	0.89988
638	0.89967
639	0.89967
640	0.89967
641	0.89967
642	0.89967
643	0.89967
644	0.89967
645	0.89967
646	0.89967
647	0.89967
648	0.89967
649	0.89967
650	0.89967
651	0.89967
652	0.89967
653	0.89967
654	0.89967
655	0.89967
656	0.89967
657	0.89935
658	0.89837
659	0.89803
660	0.89803
661	0.89803
662	0.8977
663	0.89645
664	0.89529
665	0.89474
666	0.89474
667	0.89474
668	0.89449
669	0.89362
670	0.89309
671	0.89309
672	0.89309
673	0.89309
674	0.89309
675	0.89309
676	0.89309
677	0.89309
678	0.89309
679	0.89309
680	0.89309
681	0.89309
682	0.89309
683	0.89309
684	0.8929
685	0.89213
686	0.89145
687	0.89145
688	0.89116
689	0.89022
690	0.8898
691	0.8898
692	0.8898
693	0.8895
694	0.88855
695	0.88803
696	0.88738
697	0.88651
698	0.88651
699	0.88629
700	0.88547
701	0.88487
702	0.88487
703	0.88487
704	0.88464
705	0.8838
706	0.88322
707	0.88322
708	0.88322
709	0.88322
710	0.88307
711	0.8823
712	0.88098
713	0.87999
714	0.87968
715	0.87865
716	0.87741
717	0.87664
718	0.87664
719	0.87664
720	0.87664
721	0.87656
722	0.87597
723	0.87465
724	0.87333
725	0.87219
726	0.87162
727	0.87101
728	0.87007
729	0.87007
730	0.87007
731	0.86986
732	0.86862
733	0.86678
734	0.86678
735	0.86638
736	0.8648
737	0.86349
738	0.86349
739	0.86349
740	0.86307
741	0.86146
742	0.8602
743	0.8602
744	0.85958
745	0.85765
746	0.85691
747	0.85682
748	0.85586
749	0.85384
750	0.85339
751	0.85241
752	0.85109
753	0.84977
754	0.84844
755	0.84736
756	0.84704
757	0.84704
758	0.84704
759	0.84637
760	0.84434
761	0.84343
762	0.84199
763	0.84046
764	0.84046
765	0.84046
766	0.84029
767	0.83947
768	0.83815
769	0.83718
770	0.83664
771	0.83484
772	0.83388
773	0.83388
774	0.83388
775	0.8336
776	0.8325
777	0.83128
778	0.83058
779	0.83018
780	0.82914
781	0.82875
782	0.82796
783	0.82725
784	0.8264
785	0.82435
786	0.82401
787	0.82401
788	0.82394
789	0.82304
790	0.821
791	0.82029
792	0.81866
793	0.81743
794	0.81743
795	0.81743
796	0.81698
797	0.81531
798	0.81404
799	0.81303
800	0.81103
801	0.81086
802	0.81086
803	0.81073
804	0.80967
805	0.80769
806	0.80732
807	0.80645
808	0.80585
809	0.80529
810	0.80363
811	0.80153
812	0.80099
813	0.8009
814	0.80032
815	0.799
816	0.79768
817	0.79636
818	0.79512
819	0.7944
820	0.79403
821	0.79298
822	0.79257
823	0.79161
824	0.78968
825	0.78783
826	0.78783
827	0.78743
828	0.78587
829	0.78452
830	0.78409
831	0.78277
832	0.78165
833	0.78101
834	0.77971
835	0.77796
836	0.77766
837	0.77648
838	0.77529
839	0.77458
840	0.77364
841	0.77162
842	0.77116
843	0.77033
844	0.76968
845	0.76918
846	0.76754
847	0.76546
848	0.7648
849	0.76468
850	0.76363
851	0.76131
852	0.75992
853	0.75876
854	0.75815
855	0.7576
856	0.75628
857	0.7547
858	0.75267
859	0.75164
860	0.75164
861	0.75094
862	0.74859
863	0.7472
864	0.74653
865	0.74533
866	0.74305
867	0.742
868	0.74159
869	0.74063
870	0.73869
871	0.73644
872	0.73511
873	0.73359
874	0.7316
875	0.73022
876	0.72938
877	0.72732
878	0.72656
879	0.72473
880	0.72215
881	0.72039
882	0.72009
883	0.71892
884	0.71759
885	0.71627
886	0.71495
887	0.71363
888	0.71253
889	0.71203
890	0.71125
891	0.70943
892	0.70711
893	0.70569
894	0.70422
895	0.7022
896	0.70008
897	0.69875
898	0.69719
899	0.695
900	0.69314
901	0.69182
902	0.69015
903	0.68806
904	0.68717
905	0.68563
906	0.68356
907	0.68223
908	0.68065
909	0.67843
910	0.67662
911	0.6753
912	0.67361
913	0.67124
914	0.66987
915	0.66931
916	0.66867
917	0.66696
918	0.66488
919	0.66408
920	0.66242
921	0.66043
922	0.6591
923	0.65749
924	0.65543
925	0.65437
926	0.65308
927	0.65132
928	0.65071
929	0.64858
930	0.64687
931	0.64551
932	0.64372
933	0.6417
934	0.641
935	0.63921
936	0.63729
937	0.63597
938	0.63465
939	0.63332
940	0.632
941	0.63068
942	0.62936
943	0.62803
944	0.62647
945	0.62444
946	0.62336
947	0.62336
948	0.62302
949	0.62174
950	0.62042
951	0.6191
952	0.61777
953	0.61645
954	0.61513
955	0.6138
956	0.61248
957	0.61116
958	0.60984
959	0.60824
960	0.6062
961	0.60507
962	0.60384
963	0.60158
964	0.60025
965	0.59913
966	0.59847
967	0.5972
968	0.59496
969	0.59393
970	0.59355
971	0.59264
972	0.59129
973	0.58953
974	0.58748
975	0.58717
976	0.58717
977	0.58709
978	0.58617
979	0.58414
980	0.58366
981	0.58284
982	0.58219
983	0.5817
984	0.58038
985	0.57905
986	0.57788
987	0.5773
988	0.5773
989	0.57665
990	0.57464
991	0.5737
992	0.57229
993	0.57072
994	0.57072
995	0.57072
996	0.5704
997	0.56895
998	0.56743
999	0.56743
1000	NaN
1001	NaN
1002	NaN
1003	NaN
1004	NaN
1005	NaN
1006	NaN
1007	NaN
1008	NaN
1009	NaN
1010	NaN
1011	NaN
1012	NaN
1013	NaN
1014	NaN
1015	NaN
1016	NaN
1017	NaN
1018	NaN
1019	NaN
1020	NaN
1021	NaN
1022	NaN
1023	NaN
1024	NaN
1025	NaN
1026	NaN
1027	NaN
1028	NaN
1029	NaN
1030	NaN
1031	NaN
1032	NaN
1033	NaN
1034	NaN
1035	NaN
1036	NaN
1037	NaN
1038	NaN
1039	NaN
1040	NaN
1041	NaN
1042	NaN
1043	NaN
1044	NaN
1045	NaN
1046	NaN
1047	NaN
1048	NaN
1049	NaN
1050	NaN
1051	NaN
1052	NaN
1053	NaN
1054	NaN
1055	NaN
1056	NaN
1057	NaN
1058	NaN
1059	NaN
1060	NaN
1061	NaN
1062	NaN
1063	NaN
1064	NaN
1065	NaN
1066	NaN
1067	NaN
1068	NaN
1069	NaN
1070	NaN
1071	NaN
1072	NaN
1073	NaN
1074	NaN
1075	NaN
1076	NaN
1077	NaN
1078	NaN
1079	NaN
1080	NaN
1081	NaN
1082	NaN
1083	NaN
1084	NaN
1085	NaN
1086	NaN
1087	NaN
1088	NaN
1089	NaN
1090	NaN
1091	NaN
1092	NaN
1093	NaN
1094	NaN
1095	NaN
1096	NaN
1097	NaN
1098	NaN
1099	NaN
1100	NaN
1101	NaN
1102	NaN
1103	NaN
1104	NaN
1105	NaN
1106	NaN
1107	NaN
1108	NaN
1109	NaN
1110	NaN
1111	NaN
1112	NaN
1113	NaN
1114	NaN
1115	NaN
1116	NaN
1117	NaN
1118	NaN
1119	NaN
1120	NaN
1121	NaN
1122	NaN
1123	NaN
1124	NaN
1125	NaN
1126	NaN
1127	NaN
1128	NaN
1129	NaN
1130	NaN
1131	NaN
1132	NaN
1133	NaN
1134	NaN
1135	NaN
1136	NaN
1137	NaN
1138	NaN
1139	NaN
1140	NaN
1141	NaN
1142	NaN
1143	NaN
1144	NaN
1145	NaN
1146	NaN
1147	NaN
1148	NaN
1149	NaN
1150	NaN
1151	NaN
1152	NaN
1153	NaN
1154	NaN
1155	NaN
1156	NaN
1157	NaN
1158	NaN
1159	NaN
1160	NaN
1161	NaN
1162	NaN
1163	NaN
1164	NaN
1165	NaN
1166	NaN
1167	NaN
1168	NaN
1169	NaN
1170	NaN
1171	NaN
1172	NaN
1173	NaN
1174	NaN
1175	NaN
1176	NaN
1177	NaN
1178	NaN
1179	NaN
1180	NaN
1181	NaN
1182	NaN
1183	NaN
1184	NaN
1185	NaN
1186	NaN
1187	NaN
1188	NaN
1189	NaN
1190	NaN
1191	NaN
1192	NaN
1193	NaN
1194	NaN
1195	NaN
1196	NaN
1197	NaN
1198	NaN
1199	NaN
1200	NaN
1201	NaN
1202	NaN
1203	NaN
1204	NaN
1205	NaN
1206	NaN
1207	NaN
1208	NaN
1209	NaN
1210	NaN
1211	NaN
1212	NaN
1213	NaN
1214	NaN
1215	NaN
1216	NaN
1217	NaN
1218	NaN
1219	NaN
1220	NaN
1221	NaN
1222	NaN
1223	NaN
1224	NaN
1225	NaN
1226	NaN
1227	NaN
1228	NaN
1229	NaN
1230	NaN
1231	NaN
1232	NaN
1233	NaN
1234	NaN
1235	NaN
1236	NaN
1237	NaN
1238	NaN
1239	NaN
1240	NaN
1241	NaN
1242	NaN
1243	NaN
1244	NaN
1245	NaN
1246	NaN
1247	NaN
1248	NaN
1249	NaN
1250	NaN
1251	NaN
1252	NaN
1253	NaN
1254	NaN
1255	NaN
1256	NaN
1257	NaN
1258	NaN
1259	NaN
1260	NaN
1261	NaN
1262	NaN
1263	NaN
1264	NaN
1265	NaN
1266	NaN
1267	NaN
1268	NaN
1269	NaN
1270	NaN
1271	NaN
1272	NaN
1273	NaN
1274	NaN
1275	NaN
1276	NaN
1277	NaN
1278	NaN
1279	NaN
1280	NaN
1281	NaN
1282	NaN
1283	NaN
1284	NaN
1285	NaN
1286	NaN
1287	NaN
1288	NaN
1289	NaN
1290	NaN
1291	NaN
1292	NaN
1293	NaN
1294	NaN
1295	NaN
1296	NaN
1297	NaN
1298	NaN
1299	NaN
1300	NaN
1301	NaN
1302	NaN
1303	NaN
1304	NaN
1305	NaN
1306	NaN
1307	NaN
1308	NaN
1309	NaN
1310	NaN
1311	NaN
1312	NaN
1313	NaN
1314	NaN
1315	NaN
1316	NaN
1317	NaN
1318	NaN
1319	NaN
1320	NaN
1321	NaN
1322	NaN
1323	NaN
1324	NaN
1325	NaN
1326	NaN
1327	NaN
1328	NaN
1329	NaN
1330	NaN
1331	NaN
1332	NaN
1333	NaN
1334	NaN
1335	NaN
1336	NaN
1337	NaN
1338	NaN
1339	NaN
1340	NaN
1341	NaN
1342	NaN
1343	NaN
1344	NaN
1345	NaN
1346	NaN
1347	NaN
1348	NaN
1349	NaN
1350	NaN
1351	NaN
1352	NaN
1353	NaN
1354	NaN
1355	NaN
1356	NaN
1357	NaN
1358	NaN
1359	NaN
1360	NaN
1361	NaN
1362	NaN
1363	NaN
1364	NaN
1365	NaN
1366	NaN
1367	NaN
1368	NaN
1369	NaN
1370	NaN
1371	NaN
1372	NaN
1373	NaN
1374	NaN
1375	NaN
1376	NaN
1377	NaN
1378	NaN
1379	NaN
1380	NaN
1381	NaN
1382	NaN
1383	NaN
1384	NaN
1385	NaN
1386	NaN
1387	NaN
1388	NaN
1389	NaN
1390	NaN
1391	NaN
1392	NaN
1393	NaN
1394	NaN
1395	NaN
1396	NaN
1397	NaN
1398	NaN
1399	NaN
1400	NaN
1401	NaN
1402	NaN
1403	NaN
1404	NaN
1405	NaN
1406	NaN
1407	NaN
1408	NaN
1409	NaN
1410	NaN
1411	NaN
1412	NaN
1413	NaN
1414	NaN
1415	NaN
1416	NaN
1417	NaN
1418	NaN
1419	NaN
1420	NaN
1421	NaN
1422	NaN
1423	NaN
1424	NaN
1425	NaN
1426	NaN
1427	NaN
1428	NaN
1429	NaN
1430	NaN
1431	NaN
1432	NaN
1433	NaN
1434	NaN
1435	NaN
1436	NaN
1437	NaN
1438	NaN
1439	NaN
1440	NaN
1441	NaN
1442	NaN
1443	NaN
1444	NaN
1445	NaN
1446	NaN
1447	NaN
1448	NaN
1449	NaN
1450	NaN
1451	NaN
1452	NaN
1453	NaN
1454	NaN
1455	NaN
1456	NaN
1457	NaN
1458	NaN
1459	NaN
1460	NaN
1461	NaN
1462	NaN
1463	NaN
1464	NaN
1465	NaN
1466	NaN
1467	NaN
1468	NaN
1469	NaN
1470	NaN
1471	NaN
1472	NaN
1473	NaN
1474	NaN
1475	NaN
1476	NaN
1477	NaN
1478	NaN
1479	NaN
1480	NaN
1481	NaN
1482	NaN
1483	NaN
1484	NaN
1485	NaN
1486	NaN
1487	NaN
1488	NaN
1489	NaN
1490	NaN
1491	NaN
1492	NaN
1493	NaN
1494	NaN
1495	NaN
1496	NaN
1497	NaN
1498	NaN
1499	NaN
1500	NaN
1501	NaN
1502	NaN
1503	NaN
1504	NaN
1505	NaN
1506	NaN
1507	NaN
1508	NaN
1509	NaN
1510	NaN
1511	NaN
1512	NaN
1513	NaN
1514	NaN
1515	NaN
1516	NaN
1517	NaN
1518	NaN
1519	NaN
1520	NaN
1521	NaN
1522	NaN
1523	NaN
1524	NaN
1525	NaN
1526	NaN
1527	NaN
1528	NaN
1529	NaN
1530	NaN
1531	NaN
1532	NaN
1533	NaN
1534	NaN
1535	NaN
1536	NaN
1537	NaN
1538	NaN
1539	NaN
1540	NaN
1541	NaN
1542	NaN
1543	NaN
1544	NaN
1545	NaN
1546	NaN
1547	NaN
1548	NaN
1549	NaN
1550	NaN
1551	NaN
1552	NaN
1553	NaN
1554	NaN
1555	NaN
1556	NaN
1557	NaN
1558	NaN
1559	NaN
1560	NaN
1561	NaN
1562	NaN
1563	NaN
1564	NaN
1565	NaN
1566	NaN
1567	NaN
1568	NaN
1569	NaN
1570	NaN
1571	NaN
1572	NaN
1573	NaN
1574	NaN
1575	NaN
1576	NaN
1577	NaN
1578	NaN
1579	NaN
1580	NaN
1581	NaN
1582	NaN
1583	NaN
1584	NaN
1585	NaN
1586	NaN
1587	NaN
1588	NaN
1589	NaN
1590	NaN
1591	NaN
1592	NaN
1593	NaN
1594	NaN
1595	NaN
1596	NaN
1597	NaN
1598	NaN
1599	NaN
1600	NaN
